nohup: ignoring input
Files already downloaded and verified
Files already downloaded and verified
Files already downloaded and verified
Files already downloaded and verified
1
0.51 0.51 0.52 0.49 0.51 0.50 0.55 0.59 0.62 0.48 0.39 0.55 0.62 0.53 0.49 0.45 0.57 0.58 0.56 0.57 0.56 0.60 0.76 0.69 0.53 0.55 0.54 0.57 0.58 0.57 0.56 0.55 
0.45 0.42 0.43 0.44 0.45 0.48 0.52 0.52 0.55 0.46 0.38 0.59 0.69 0.55 0.52 0.45 0.53 0.55 0.52 0.51 0.53 0.55 0.77 0.69 0.49 0.50 0.49 0.52 0.49 0.50 0.49 0.55 
0.44 0.27 0.26 0.51 0.62 0.55 0.57 0.35 0.22 0.42 0.45 0.58 0.67 0.48 0.25 0.26 0.53 0.66 0.66 0.65 0.62 0.58 0.74 0.69 0.58 0.62 0.58 0.60 0.54 0.45 0.49 0.67 
0.61 0.44 0.46 0.42 0.78 0.41 0.50 0.43 0.18 0.11 0.26 0.44 0.42 0.16 0.06 0.09 0.27 0.47 0.59 0.56 0.56 0.58 0.75 0.67 0.66 0.60 0.48 0.44 0.47 0.49 0.60 0.60 
0.59 0.53 0.50 0.41 0.53 0.44 0.46 0.49 0.45 0.40 0.45 0.55 0.48 0.46 0.48 0.46 0.46 0.46 0.53 0.63 0.55 0.58 0.42 0.40 0.49 0.24 0.20 0.31 0.67 0.55 0.35 0.43 
0.27 0.27 0.29 0.27 0.29 0.40 0.47 0.45 0.43 0.41 0.42 0.40 0.35 0.37 0.44 0.70 0.57 0.55 0.64 0.61 0.42 0.58 0.45 0.49 0.56 0.43 0.44 0.43 0.40 0.35 0.23 0.31 
0.20 0.23 0.30 0.24 0.35 0.45 0.43 0.40 0.29 0.18 0.34 0.34 0.27 0.22 0.25 0.56 0.72 0.73 0.82 0.66 0.29 0.59 0.70 0.65 0.61 0.60 0.58 0.56 0.55 0.51 0.29 0.37 
0.29 0.29 0.44 0.33 0.40 0.43 0.29 0.33 0.31 0.13 0.16 0.29 0.31 0.55 0.56 0.66 0.78 0.77 0.89 0.77 0.34 0.31 0.59 0.62 0.57 0.53 0.52 0.51 0.50 0.46 0.41 0.43 
0.35 0.38 0.43 0.30 0.34 0.38 0.24 0.24 0.42 0.23 0.14 0.22 0.31 0.60 0.93 1.00 0.78 0.48 0.64 0.83 0.61 0.24 0.34 0.40 0.41 0.43 0.49 0.54 0.52 0.48 0.45 0.43 
0.44 0.63 0.39 0.36 0.43 0.43 0.25 0.24 0.45 0.44 0.24 0.37 0.38 0.35 0.75 0.98 0.88 0.42 0.30 0.56 0.75 0.52 0.33 0.35 0.36 0.38 0.42 0.43 0.41 0.40 0.38 0.36 
0.44 0.54 0.43 0.44 0.48 0.44 0.31 0.34 0.43 0.50 0.31 0.22 0.26 0.33 0.51 0.80 0.75 0.56 0.37 0.45 0.58 0.59 0.50 0.42 0.36 0.35 0.33 0.33 0.36 0.37 0.37 0.38 
0.35 0.33 0.34 0.31 0.39 0.34 0.34 0.47 0.44 0.43 0.38 0.25 0.30 0.38 0.45 0.56 0.56 0.55 0.52 0.58 0.61 0.49 0.48 0.66 0.52 0.41 0.38 0.33 0.32 0.31 0.31 0.31 
0.27 0.30 0.32 0.35 0.45 0.41 0.35 0.40 0.45 0.53 0.56 0.48 0.47 0.46 0.44 0.45 0.49 0.50 0.55 0.60 0.64 0.74 0.78 0.76 0.69 0.65 0.64 0.60 0.52 0.44 0.29 0.22 
0.20 0.23 0.24 0.27 0.32 0.33 0.40 0.44 0.44 0.45 0.47 0.44 0.45 0.52 0.53 0.60 0.64 0.66 0.67 0.70 0.78 0.76 0.82 0.94 0.91 0.85 0.81 0.79 0.75 0.68 0.64 0.50 
0.19 0.21 0.22 0.24 0.26 0.28 0.36 0.42 0.42 0.45 0.45 0.43 0.46 0.55 0.60 0.61 0.64 0.59 0.51 0.56 0.58 0.51 0.62 0.74 0.74 0.67 0.74 0.79 0.80 0.68 0.66 0.72 
0.21 0.22 0.21 0.23 0.25 0.27 0.30 0.32 0.36 0.44 0.49 0.48 0.50 0.53 0.54 0.58 0.60 0.55 0.51 0.55 0.60 0.64 0.68 0.68 0.73 0.74 0.79 0.89 0.86 0.78 0.75 0.68 
0.17 0.20 0.22 0.23 0.25 0.27 0.29 0.31 0.33 0.35 0.39 0.42 0.45 0.50 0.52 0.54 0.57 0.66 0.69 0.73 0.72 0.73 0.75 0.73 0.72 0.78 0.76 0.71 0.66 0.64 0.59 0.51 
0.16 0.17 0.20 0.22 0.25 0.27 0.29 0.30 0.33 0.38 0.43 0.42 0.41 0.46 0.48 0.54 0.59 0.64 0.70 0.79 0.67 0.74 0.76 0.77 0.74 0.65 0.62 0.52 0.48 0.45 0.37 0.27 
0.13 0.17 0.18 0.19 0.21 0.25 0.30 0.31 0.31 0.28 0.35 0.48 0.47 0.43 0.44 0.47 0.53 0.61 0.58 0.58 0.54 0.64 0.71 0.66 0.57 0.39 0.35 0.37 0.41 0.26 0.09 0.20 
0.06 0.11 0.14 0.19 0.21 0.22 0.25 0.29 0.25 0.13 0.14 0.27 0.50 0.50 0.43 0.45 0.49 0.59 0.53 0.49 0.49 0.37 0.39 0.29 0.19 0.16 0.16 0.27 0.38 0.33 0.10 0.37 
0.15 0.15 0.12 0.13 0.21 0.23 0.23 0.25 0.22 0.11 0.06 0.10 0.30 0.54 0.45 0.42 0.46 0.50 0.58 0.75 0.81 0.56 0.62 0.56 0.22 0.12 0.16 0.24 0.25 0.28 0.14 0.47 
0.19 0.19 0.23 0.15 0.12 0.16 0.21 0.25 0.18 0.06 0.13 0.12 0.18 0.42 0.51 0.42 0.45 0.47 0.58 0.79 0.78 0.78 0.82 0.71 0.27 0.18 0.18 0.22 0.35 0.31 0.32 0.82 
0.21 0.20 0.23 0.20 0.17 0.13 0.12 0.18 0.18 0.14 0.32 0.30 0.15 0.29 0.50 0.43 0.44 0.45 0.50 0.82 0.73 0.49 0.63 0.62 0.69 0.78 0.58 0.31 0.38 0.30 0.26 0.49 
0.29 0.27 0.21 0.20 0.21 0.21 0.18 0.16 0.17 0.24 0.42 0.45 0.24 0.23 0.39 0.44 0.43 0.48 0.47 0.59 0.53 0.36 0.36 0.57 0.89 0.80 0.55 0.33 0.35 0.32 0.24 0.20 
0.26 0.23 0.20 0.22 0.23 0.25 0.26 0.23 0.15 0.31 0.58 0.51 0.36 0.19 0.29 0.42 0.42 0.47 0.46 0.53 0.58 0.51 0.45 0.45 0.42 0.42 0.44 0.42 0.43 0.38 0.25 0.13 
0.25 0.25 0.21 0.23 0.27 0.24 0.25 0.27 0.22 0.27 0.64 0.42 0.31 0.16 0.24 0.31 0.40 0.48 0.50 0.56 0.55 0.46 0.41 0.25 0.23 0.29 0.28 0.28 0.23 0.19 0.15 0.13 
0.38 0.37 0.33 0.27 0.24 0.21 0.27 0.32 0.28 0.20 0.47 0.44 0.20 0.13 0.25 0.21 0.22 0.39 0.44 0.29 0.27 0.24 0.17 0.15 0.22 0.23 0.21 0.15 0.13 0.12 0.15 0.22 
0.36 0.33 0.37 0.35 0.30 0.26 0.25 0.27 0.35 0.33 0.23 0.42 0.16 0.11 0.24 0.19 0.11 0.17 0.17 0.12 0.12 0.10 0.09 0.15 0.24 0.20 0.18 0.22 0.20 0.16 0.15 0.20 
0.29 0.26 0.25 0.29 0.37 0.32 0.31 0.33 0.31 0.29 0.18 0.10 0.04 0.13 0.22 0.21 0.23 0.22 0.23 0.29 0.24 0.17 0.20 0.18 0.18 0.16 0.16 0.21 0.19 0.21 0.24 0.29 
0.42 0.41 0.32 0.27 0.29 0.34 0.38 0.36 0.29 0.28 0.25 0.15 0.07 0.20 0.20 0.19 0.21 0.23 0.29 0.26 0.25 0.24 0.25 0.23 0.20 0.21 0.23 0.30 0.33 0.36 0.36 0.37 
0.52 0.51 0.45 0.40 0.45 0.46 0.38 0.31 0.33 0.31 0.30 0.34 0.30 0.31 0.32 0.33 0.34 0.35 0.30 0.26 0.26 0.26 0.25 0.27 0.24 0.24 0.25 0.38 0.47 0.47 0.49 0.52 
0.44 0.50 0.51 0.47 0.47 0.45 0.37 0.36 0.41 0.38 0.33 0.32 0.29 0.33 0.45 0.53 0.48 0.43 0.33 0.28 0.31 0.38 0.38 0.36 0.33 0.38 0.42 0.44 0.47 0.51 0.49 0.43 
Files already downloaded and verified
Files already downloaded and verified
1
0.51 0.51 0.52 0.49 0.51 0.50 0.55 0.59 0.62 0.48 0.39 0.55 0.62 0.53 0.49 0.45 0.57 0.58 0.56 0.57 0.56 0.60 0.76 0.69 0.53 0.55 0.54 0.57 0.58 0.57 0.56 0.55 
0.45 0.42 0.43 0.44 0.45 0.48 0.52 0.52 0.55 0.46 0.38 0.59 0.69 0.55 0.52 0.45 0.53 0.55 0.52 0.51 0.53 0.55 0.77 0.69 0.49 0.50 0.49 0.52 0.49 0.50 0.49 0.55 
0.44 0.27 0.26 0.51 0.62 0.55 0.57 0.35 0.22 0.42 0.45 0.58 0.67 0.48 0.25 0.26 0.53 0.66 0.66 0.65 0.62 0.58 0.74 0.69 0.58 0.62 0.58 0.60 0.54 0.45 0.49 0.67 
0.61 0.44 0.46 0.42 0.78 0.41 0.50 0.43 0.18 0.11 0.26 0.44 0.42 0.16 0.06 0.09 0.27 0.47 0.59 0.56 0.56 0.58 0.75 0.67 0.66 0.60 0.48 0.44 0.47 0.49 0.60 0.60 
0.59 0.53 0.50 0.41 0.53 0.44 0.46 0.49 0.45 0.40 0.45 0.55 0.48 0.46 0.48 0.46 0.46 0.46 0.53 0.63 0.55 0.58 0.42 0.40 0.49 0.24 0.20 0.31 0.67 0.55 0.35 0.43 
0.27 0.27 0.29 0.27 0.29 0.40 0.47 0.45 0.43 0.41 0.42 0.40 0.35 0.37 0.44 0.70 0.57 0.55 0.64 0.61 0.42 0.58 0.45 0.49 0.56 0.43 0.44 0.43 0.40 0.35 0.23 0.31 
0.20 0.23 0.30 0.24 0.35 0.45 0.43 0.40 0.29 0.18 0.34 0.34 0.27 0.22 0.25 0.56 0.72 0.73 0.82 0.66 0.29 0.59 0.70 0.65 0.61 0.60 0.58 0.56 0.55 0.51 0.29 0.37 
0.29 0.29 0.44 0.33 0.40 0.43 0.29 0.33 0.31 0.13 0.16 0.29 0.31 0.55 0.56 0.66 0.78 0.77 0.89 0.77 0.34 0.31 0.59 0.62 0.57 0.53 0.52 0.51 0.50 0.46 0.41 0.43 
0.35 0.38 0.43 0.30 0.34 0.38 0.24 0.24 0.42 0.23 0.14 0.22 0.31 0.60 0.93 1.00 0.78 0.48 0.64 0.83 0.61 0.24 0.34 0.40 0.41 0.43 0.49 0.54 0.52 0.48 0.45 0.43 
0.44 0.63 0.39 0.36 0.43 0.43 0.25 0.24 0.45 0.44 0.24 0.37 0.38 0.35 0.75 0.98 0.88 0.42 0.30 0.56 0.75 0.52 0.33 0.35 0.36 0.38 0.42 0.43 0.41 0.40 0.38 0.36 
0.44 0.54 0.43 0.44 0.48 0.44 0.31 0.34 0.43 0.50 0.31 0.22 0.26 0.33 0.51 0.80 0.75 0.56 0.37 0.45 0.58 0.59 0.50 0.42 0.36 0.35 0.33 0.33 0.36 0.37 0.37 0.38 
0.35 0.33 0.34 0.31 0.39 0.34 0.34 0.47 0.44 0.43 0.38 0.25 0.30 0.38 0.45 0.56 0.56 0.55 0.52 0.58 0.61 0.49 0.48 0.66 0.52 0.41 0.38 0.33 0.32 0.31 0.31 0.31 
0.27 0.30 0.32 0.35 0.45 0.41 0.35 0.40 0.45 0.53 0.56 0.48 0.47 0.46 0.44 0.45 0.49 0.50 0.55 0.60 0.64 0.74 0.78 0.76 0.69 0.65 0.64 0.60 0.52 0.44 0.29 0.22 
0.20 0.23 0.24 0.27 0.32 0.33 0.40 0.44 0.44 0.45 0.47 0.44 0.45 0.52 0.53 0.60 0.64 0.66 0.67 0.70 0.78 0.76 0.82 0.94 0.91 0.85 0.81 0.79 0.75 0.68 0.64 0.50 
0.19 0.21 0.22 0.24 0.26 0.28 0.36 0.42 0.42 0.45 0.45 0.43 0.46 0.55 0.60 0.61 0.64 0.59 0.51 0.56 0.58 0.51 0.62 0.74 0.74 0.67 0.74 0.79 0.80 0.68 0.66 0.72 
0.21 0.22 0.21 0.23 0.25 0.27 0.30 0.32 0.36 0.44 0.49 0.48 0.50 0.53 0.54 0.58 0.60 0.55 0.51 0.55 0.60 0.64 0.68 0.68 0.73 0.74 0.79 0.89 0.86 0.78 0.75 0.68 
0.17 0.20 0.22 0.23 0.25 0.27 0.29 0.31 0.33 0.35 0.39 0.42 0.45 0.50 0.52 0.54 0.57 0.66 0.69 0.73 0.72 0.73 0.75 0.73 0.72 0.78 0.76 0.71 0.66 0.64 0.59 0.51 
0.16 0.17 0.20 0.22 0.25 0.27 0.29 0.30 0.33 0.38 0.43 0.42 0.41 0.46 0.48 0.54 0.59 0.64 0.70 0.79 0.67 0.74 0.76 0.77 0.74 0.65 0.62 0.52 0.48 0.45 0.37 0.27 
0.13 0.17 0.18 0.19 0.21 0.25 0.30 0.31 0.31 0.28 0.35 0.48 0.47 0.43 0.44 0.47 0.53 0.61 0.58 0.58 0.54 0.64 0.71 0.66 0.57 0.39 0.35 0.37 0.41 0.26 0.09 0.20 
0.06 0.11 0.14 0.19 0.21 0.22 0.25 0.29 0.25 0.13 0.14 0.27 0.50 0.50 0.43 0.45 0.49 0.59 0.53 0.49 0.49 0.37 0.39 0.29 0.19 0.16 0.16 0.27 0.38 0.33 0.10 0.37 
0.15 0.15 0.12 0.13 0.21 0.23 0.23 0.25 0.22 0.11 0.06 0.10 0.30 0.54 0.45 0.42 0.46 0.50 0.58 0.75 0.81 0.56 0.62 0.56 0.22 0.12 0.16 0.24 0.25 0.28 0.14 0.47 
0.19 0.19 0.23 0.15 0.12 0.16 0.21 0.25 0.18 0.06 0.13 0.12 0.18 0.42 0.51 0.42 0.45 0.47 0.58 0.79 0.78 0.78 0.82 0.71 0.27 0.18 0.18 0.22 0.35 0.31 0.32 0.82 
0.21 0.20 0.23 0.20 0.17 0.13 0.12 0.18 0.18 0.14 0.32 0.30 0.15 0.29 0.50 0.43 0.44 0.45 0.50 0.82 0.73 0.49 0.63 0.62 0.69 0.78 0.58 0.31 0.38 0.30 0.26 0.49 
0.29 0.27 0.21 0.20 0.21 0.21 0.18 0.16 0.17 0.24 0.42 0.45 0.24 0.23 0.39 0.44 0.43 0.48 0.47 0.59 0.53 0.36 0.36 0.57 0.89 0.80 0.55 0.33 0.35 0.32 0.24 0.20 
0.26 0.23 0.20 0.22 0.23 0.25 0.26 0.23 0.15 0.31 0.58 0.51 0.36 0.19 0.29 0.42 0.42 0.47 0.46 0.53 0.58 0.51 0.45 0.45 0.42 0.42 0.44 0.42 0.43 0.38 0.25 0.13 
0.25 0.25 0.21 0.23 0.27 0.24 0.25 0.27 0.22 0.27 0.64 0.42 0.31 0.16 0.24 0.31 0.40 0.48 0.50 0.56 0.55 0.46 0.41 0.25 0.23 0.29 0.28 0.28 0.23 0.19 0.15 0.13 
0.38 0.37 0.33 0.27 0.24 0.21 0.27 0.32 0.28 0.20 0.47 0.44 0.20 0.13 0.25 0.21 0.22 0.39 0.44 0.29 0.27 0.24 0.17 0.15 0.22 0.23 0.21 0.15 0.13 0.12 0.15 0.22 
0.36 0.33 0.37 0.35 0.30 0.26 0.25 0.27 0.35 0.33 0.23 0.42 0.16 0.11 0.24 0.19 0.11 0.17 0.17 0.12 0.12 0.10 0.09 0.15 0.24 0.20 0.18 0.22 0.20 0.16 0.15 0.20 
0.29 0.26 0.25 0.29 0.37 0.32 0.31 0.33 0.31 0.29 0.18 0.10 0.04 0.13 0.22 0.21 0.23 0.22 0.23 0.29 0.24 0.17 0.20 0.18 0.18 0.16 0.16 0.21 0.19 0.21 0.24 0.29 
0.42 0.41 0.32 0.27 0.29 0.34 0.38 0.36 0.29 0.28 0.25 0.15 0.07 0.20 0.20 0.19 0.21 0.23 0.29 0.26 0.25 0.24 0.25 0.23 0.20 0.21 0.23 0.30 0.33 0.36 0.36 0.37 
0.52 0.51 0.45 0.40 0.45 0.46 0.38 0.31 0.33 0.31 0.30 0.34 0.30 0.31 0.32 0.33 0.34 0.35 0.30 0.26 0.26 0.26 0.25 0.27 0.24 0.24 0.25 0.38 0.47 0.47 0.49 0.52 
0.44 0.50 0.51 0.47 0.47 0.45 0.37 0.36 0.41 0.38 0.33 0.32 0.29 0.33 0.45 0.53 0.48 0.43 0.33 0.28 0.31 0.38 0.38 0.36 0.33 0.38 0.42 0.44 0.47 0.51 0.49 0.43 
0
0.18 0.18 0.18 0.18 0.18 0.18 0.18 0.18 0.18 0.18 0.18 0.19 0.19 0.19 0.19 0.18 0.19 0.19 0.19 0.19 0.19 0.19 0.19 0.19 0.19 0.19 0.19 0.19 0.20 0.19 0.19 0.20 
0.20 0.20 0.19 0.19 0.19 0.19 0.19 0.19 0.19 0.19 0.19 0.20 0.20 0.20 0.20 0.20 0.20 0.20 0.20 0.20 0.20 0.20 0.20 0.20 0.21 0.20 0.20 0.20 0.20 0.20 0.20 0.20 
0.20 0.20 0.20 0.20 0.20 0.20 0.20 0.21 0.20 0.20 0.20 0.20 0.20 0.21 0.21 0.20 0.21 0.21 0.22 0.22 0.22 0.21 0.21 0.22 0.24 0.24 0.23 0.23 0.24 0.23 0.22 0.22 
0.22 0.22 0.22 0.22 0.22 0.22 0.23 0.24 0.24 0.22 0.22 0.22 0.22 0.22 0.22 0.22 0.22 0.22 0.23 0.23 0.23 0.23 0.24 0.25 0.30 0.32 0.27 0.28 0.32 0.29 0.24 0.23 
0.23 0.23 0.23 0.23 0.23 0.24 0.26 0.27 0.26 0.24 0.23 0.23 0.23 0.24 0.24 0.24 0.24 0.24 0.24 0.24 0.24 0.25 0.27 0.30 0.33 0.32 0.29 0.28 0.30 0.27 0.24 0.24 
0.24 0.24 0.24 0.24 0.25 0.27 0.29 0.29 0.27 0.25 0.25 0.25 0.25 0.25 0.25 0.25 0.26 0.26 0.26 0.26 0.26 0.27 0.28 0.30 0.30 0.29 0.27 0.26 0.25 0.25 0.25 0.25 
0.26 0.26 0.26 0.27 0.27 0.28 0.28 0.28 0.27 0.27 0.28 0.35 0.42 0.40 0.32 0.27 0.27 0.27 0.27 0.27 0.27 0.27 0.27 0.27 0.27 0.27 0.27 0.26 0.26 0.26 0.26 0.26 
0.30 0.30 0.29 0.29 0.28 0.28 0.28 0.28 0.29 0.31 0.36 0.45 0.47 0.45 0.38 0.32 0.29 0.28 0.27 0.27 0.27 0.27 0.27 0.27 0.27 0.27 0.27 0.28 0.28 0.28 0.28 0.27 
0.32 0.32 0.31 0.29 0.29 0.29 0.28 0.29 0.31 0.34 0.38 0.39 0.37 0.38 0.37 0.35 0.31 0.28 0.27 0.27 0.27 0.27 0.28 0.29 0.29 0.29 0.28 0.28 0.28 0.28 0.28 0.28 
0.33 0.32 0.31 0.29 0.28 0.28 0.29 0.31 0.34 0.36 0.36 0.33 0.33 0.35 0.35 0.33 0.30 0.29 0.29 0.29 0.29 0.28 0.29 0.30 0.30 0.29 0.28 0.28 0.28 0.28 0.28 0.28 
0.31 0.30 0.29 0.29 0.29 0.29 0.31 0.33 0.36 0.35 0.33 0.31 0.31 0.32 0.32 0.31 0.30 0.30 0.30 0.29 0.29 0.28 0.28 0.29 0.29 0.29 0.28 0.28 0.29 0.29 0.29 0.29 
0.31 0.31 0.29 0.29 0.29 0.31 0.31 0.32 0.32 0.30 0.30 0.29 0.32 0.35 0.33 0.30 0.31 0.31 0.30 0.29 0.29 0.28 0.28 0.28 0.28 0.29 0.29 0.29 0.29 0.29 0.29 0.30 
0.32 0.31 0.31 0.31 0.30 0.30 0.31 0.30 0.30 0.31 0.31 0.31 0.35 0.37 0.33 0.31 0.31 0.31 0.29 0.29 0.29 0.29 0.29 0.29 0.29 0.30 0.30 0.31 0.31 0.30 0.30 0.31 
0.33 0.32 0.31 0.30 0.31 0.31 0.31 0.30 0.29 0.30 0.31 0.33 0.33 0.32 0.31 0.31 0.31 0.30 0.30 0.30 0.30 0.29 0.29 0.29 0.29 0.30 0.29 0.30 0.30 0.30 0.29 0.29 
0.52 0.54 0.51 0.44 0.40 0.38 0.36 0.38 0.38 0.37 0.37 0.37 0.36 0.35 0.34 0.34 0.33 0.32 0.32 0.31 0.30 0.30 0.29 0.29 0.29 0.29 0.29 0.29 0.29 0.29 0.29 0.29 
0.45 0.51 0.57 0.56 0.57 0.53 0.51 0.61 0.62 0.61 0.61 0.60 0.62 0.59 0.55 0.53 0.52 0.49 0.46 0.43 0.40 0.36 0.31 0.28 0.27 0.28 0.28 0.28 0.29 0.28 0.28 0.28 
0.30 0.30 0.32 0.36 0.40 0.40 0.41 0.47 0.50 0.48 0.52 0.57 0.61 0.58 0.53 0.53 0.56 0.62 0.62 0.60 0.56 0.51 0.43 0.36 0.25 0.24 0.24 0.25 0.26 0.27 0.26 0.25 
0.29 0.29 0.29 0.29 0.29 0.29 0.30 0.29 0.27 0.25 0.27 0.30 0.32 0.26 0.24 0.28 0.29 0.32 0.36 0.37 0.38 0.35 0.30 0.25 0.16 0.17 0.14 0.16 0.20 0.34 0.31 0.20 
0.24 0.23 0.24 0.24 0.25 0.25 0.26 0.22 0.20 0.35 0.29 0.21 0.22 0.14 0.17 0.21 0.20 0.16 0.18 0.18 0.19 0.18 0.13 0.11 0.12 0.14 0.10 0.10 0.27 0.54 0.48 0.27 
0.13 0.13 0.13 0.14 0.16 0.18 0.22 0.20 0.21 0.32 0.26 0.21 0.28 0.26 0.22 0.40 0.27 0.14 0.20 0.24 0.20 0.18 0.12 0.11 0.12 0.13 0.11 0.17 0.49 0.68 0.62 0.45 
0.07 0.09 0.11 0.11 0.14 0.18 0.22 0.26 0.23 0.25 0.25 0.26 0.34 0.56 0.64 0.76 0.53 0.31 0.51 0.59 0.47 0.39 0.25 0.17 0.11 0.09 0.13 0.37 0.66 0.70 0.67 0.60 
0.10 0.11 0.12 0.11 0.15 0.20 0.20 0.24 0.18 0.22 0.26 0.27 0.35 0.64 0.81 0.84 0.75 0.64 0.73 0.77 0.73 0.69 0.55 0.41 0.27 0.20 0.27 0.57 0.71 0.70 0.70 0.67 
0.11 0.14 0.22 0.24 0.25 0.29 0.24 0.30 0.23 0.22 0.27 0.28 0.35 0.57 0.71 0.75 0.76 0.74 0.67 0.76 0.81 0.82 0.78 0.71 0.62 0.55 0.59 0.72 0.72 0.71 0.71 0.70 
0.16 0.24 0.44 0.57 0.62 0.63 0.59 0.59 0.55 0.54 0.55 0.54 0.54 0.55 0.53 0.57 0.64 0.62 0.55 0.71 0.76 0.75 0.72 0.73 0.76 0.82 0.86 0.87 0.78 0.71 0.71 0.70 
0.33 0.36 0.44 0.54 0.65 0.76 0.83 0.85 0.87 0.86 0.85 0.84 0.82 0.73 0.55 0.43 0.47 0.45 0.42 0.55 0.60 0.59 0.56 0.56 0.57 0.69 0.82 0.84 0.77 0.69 0.68 0.68 
0.40 0.39 0.38 0.38 0.40 0.45 0.54 0.62 0.65 0.60 0.61 0.65 0.61 0.53 0.48 0.38 0.37 0.34 0.33 0.35 0.38 0.39 0.38 0.37 0.32 0.35 0.44 0.46 0.51 0.64 0.64 0.60 
0.36 0.37 0.36 0.36 0.35 0.34 0.34 0.33 0.20 0.15 0.32 0.39 0.28 0.13 0.27 0.36 0.35 0.33 0.31 0.29 0.29 0.29 0.30 0.30 0.28 0.26 0.26 0.26 0.31 0.44 0.48 0.43 
0.35 0.34 0.34 0.33 0.34 0.33 0.33 0.28 0.13 0.08 0.26 0.32 0.18 0.01 0.17 0.28 0.25 0.24 0.22 0.22 0.22 0.24 0.27 0.30 0.32 0.33 0.32 0.30 0.27 0.27 0.30 0.33 
0.35 0.34 0.31 0.28 0.26 0.23 0.20 0.17 0.12 0.12 0.23 0.24 0.18 0.13 0.20 0.25 0.24 0.22 0.21 0.21 0.22 0.24 0.27 0.29 0.29 0.31 0.31 0.31 0.31 0.31 0.32 0.34 
0.33 0.31 0.27 0.24 0.23 0.22 0.20 0.22 0.23 0.28 0.46 0.34 0.29 0.29 0.30 0.31 0.31 0.31 0.31 0.32 0.32 0.33 0.33 0.31 0.31 0.31 0.31 0.31 0.31 0.32 0.32 0.33 
0.32 0.32 0.31 0.31 0.32 0.33 0.33 0.34 0.33 0.36 0.52 0.38 0.31 0.32 0.31 0.32 0.31 0.31 0.32 0.32 0.32 0.32 0.32 0.31 0.31 0.31 0.31 0.31 0.29 0.28 0.28 0.28 
0.31 0.33 0.33 0.32 0.32 0.31 0.31 0.31 0.31 0.31 0.36 0.32 0.30 0.30 0.29 0.29 0.29 0.31 0.32 0.33 0.32 0.33 0.34 0.34 0.34 0.34 0.34 0.33 0.32 0.30 0.29 0.29 
This machine has 1 cuda devices, and use 1 of them to train.
Total train samples: 50000
Total test samples: 10000
Batch size: 128
iteration every epoch: 390
Initial learning rate: 0.1

[2022-11-30_14:29:02] Epoch:1/60, iteration:100/390, lr: 0.1, loss: 2.07529354095459, time: 7.072880983352661

[2022-11-30_14:29:05] Epoch:1/60, iteration:200/390, lr: 0.1, loss: 1.8533700704574585, time: 2.9893672466278076

[2022-11-30_14:29:08] Epoch:1/60, iteration:300/390, lr: 0.1, loss: 1.6642242670059204, time: 3.2044503688812256

[2022-11-30_14:29:12] Epoch:2/60, iteration:9/390, lr: 0.1, loss: 1.6703318357467651, time: 3.4834911823272705

[2022-11-30_14:29:15] Epoch:2/60, iteration:109/390, lr: 0.1, loss: 1.599548101425171, time: 3.0956389904022217

[2022-11-30_14:29:18] Epoch:2/60, iteration:209/390, lr: 0.1, loss: 1.500998854637146, time: 3.420219898223877

[2022-11-30_14:29:21] Epoch:2/60, iteration:309/390, lr: 0.1, loss: 1.4343342781066895, time: 3.118640661239624

[2022-11-30_14:29:26] Epoch:3/60, iteration:18/390, lr: 0.1, loss: 1.3946822881698608, time: 4.276121377944946

[2022-11-30_14:29:31] Epoch:3/60, iteration:118/390, lr: 0.1, loss: 1.2421796321868896, time: 5.2655956745147705

[2022-11-30_14:29:34] Epoch:3/60, iteration:218/390, lr: 0.1, loss: 1.2069501876831055, time: 3.7113234996795654

[2022-11-30_14:29:38] Epoch:3/60, iteration:318/390, lr: 0.1, loss: 1.2522984743118286, time: 3.217393398284912

[2022-11-30_14:29:43] Epoch:4/60, iteration:27/390, lr: 0.1, loss: 1.1584810018539429, time: 5.245882511138916

[2022-11-30_14:29:47] Epoch:4/60, iteration:127/390, lr: 0.1, loss: 0.9996151328086853, time: 4.229458332061768

[2022-11-30_14:29:53] Epoch:4/60, iteration:227/390, lr: 0.1, loss: 1.075194239616394, time: 5.500554323196411

[2022-11-30_14:29:58] Epoch:4/60, iteration:327/390, lr: 0.1, loss: 1.1107261180877686, time: 5.408125638961792

[2022-11-30_14:30:02] Epoch:5/60, iteration:36/390, lr: 0.1, loss: 0.9354674220085144, time: 4.271901607513428

[2022-11-30_14:30:07] Epoch:5/60, iteration:136/390, lr: 0.1, loss: 0.8483607769012451, time: 4.642772197723389

[2022-11-30_14:30:12] Epoch:5/60, iteration:236/390, lr: 0.1, loss: 0.6884660124778748, time: 5.488916873931885

[2022-11-30_14:30:18] Epoch:5/60, iteration:336/390, lr: 0.1, loss: 0.7432683706283569, time: 5.09151554107666

[2022-11-30_14:30:22] Epoch:6/60, iteration:45/390, lr: 0.1, loss: 0.7074089646339417, time: 4.041476726531982

[2022-11-30_14:30:26] Epoch:6/60, iteration:145/390, lr: 0.1, loss: 0.8423399925231934, time: 4.486004590988159

[2022-11-30_14:30:32] Epoch:6/60, iteration:245/390, lr: 0.1, loss: 0.5964875221252441, time: 5.4790966510772705

[2022-11-30_14:30:36] Epoch:6/60, iteration:345/390, lr: 0.1, loss: 0.4923592805862427, time: 4.038954496383667

