nohup: ignoring input
Files already downloaded and verified
Files already downloaded and verified
Files already downloaded and verified
Files already downloaded and verified
1
0.51 0.51 0.52 0.49 0.51 0.50 0.55 0.59 0.62 0.48 0.39 0.55 0.62 0.53 0.49 0.45 0.57 0.58 0.56 0.57 0.56 0.60 0.76 0.69 0.53 0.55 0.54 0.57 0.58 0.57 0.56 0.55 
0.45 0.42 0.43 0.44 0.45 0.48 0.52 0.52 0.55 0.46 0.38 0.59 0.69 0.55 0.52 0.45 0.53 0.55 0.52 0.51 0.53 0.55 0.77 0.69 0.49 0.50 0.49 0.52 0.49 0.50 0.49 0.55 
0.44 0.27 0.26 0.51 0.62 0.55 0.57 0.35 0.22 0.42 0.45 0.58 0.67 0.48 0.25 0.26 0.53 0.66 0.66 0.65 0.62 0.58 0.74 0.69 0.58 0.62 0.58 0.60 0.54 0.45 0.49 0.67 
0.61 0.44 0.46 0.42 0.78 0.41 0.50 0.43 0.18 0.11 0.26 0.44 0.42 0.16 0.06 0.09 0.27 0.47 0.59 0.56 0.56 0.58 0.75 0.67 0.66 0.60 0.48 0.44 0.47 0.49 0.60 0.60 
0.59 0.53 0.50 0.41 0.53 0.44 0.46 0.49 0.45 0.40 0.45 0.55 0.48 0.46 0.48 0.46 0.46 0.46 0.53 0.63 0.55 0.58 0.42 0.40 0.49 0.24 0.20 0.31 0.67 0.55 0.35 0.43 
0.27 0.27 0.29 0.27 0.29 0.40 0.47 0.45 0.43 0.41 0.42 0.40 0.35 0.37 0.44 0.70 0.57 0.55 0.64 0.61 0.42 0.58 0.45 0.49 0.56 0.43 0.44 0.43 0.40 0.35 0.23 0.31 
0.20 0.23 0.30 0.24 0.35 0.45 0.43 0.40 0.29 0.18 0.34 0.34 0.27 0.22 0.25 0.56 0.72 0.73 0.82 0.66 0.29 0.59 0.70 0.65 0.61 0.60 0.58 0.56 0.55 0.51 0.29 0.37 
0.29 0.29 0.44 0.33 0.40 0.43 0.29 0.33 0.31 0.13 0.16 0.29 0.31 0.55 0.56 0.66 0.78 0.77 0.89 0.77 0.34 0.31 0.59 0.62 0.57 0.53 0.52 0.51 0.50 0.46 0.41 0.43 
0.35 0.38 0.43 0.30 0.34 0.38 0.24 0.24 0.42 0.23 0.14 0.22 0.31 0.60 0.93 1.00 0.78 0.48 0.64 0.83 0.61 0.24 0.34 0.40 0.41 0.43 0.49 0.54 0.52 0.48 0.45 0.43 
0.44 0.63 0.39 0.36 0.43 0.43 0.25 0.24 0.45 0.44 0.24 0.37 0.38 0.35 0.75 0.98 0.88 0.42 0.30 0.56 0.75 0.52 0.33 0.35 0.36 0.38 0.42 0.43 0.41 0.40 0.38 0.36 
0.44 0.54 0.43 0.44 0.48 0.44 0.31 0.34 0.43 0.50 0.31 0.22 0.26 0.33 0.51 0.80 0.75 0.56 0.37 0.45 0.58 0.59 0.50 0.42 0.36 0.35 0.33 0.33 0.36 0.37 0.37 0.38 
0.35 0.33 0.34 0.31 0.39 0.34 0.34 0.47 0.44 0.43 0.38 0.25 0.30 0.38 0.45 0.56 0.56 0.55 0.52 0.58 0.61 0.49 0.48 0.66 0.52 0.41 0.38 0.33 0.32 0.31 0.31 0.31 
0.27 0.30 0.32 0.35 0.45 0.41 0.35 0.40 0.45 0.53 0.56 0.48 0.47 0.46 0.44 0.45 0.49 0.50 0.55 0.60 0.64 0.74 0.78 0.76 0.69 0.65 0.64 0.60 0.52 0.44 0.29 0.22 
0.20 0.23 0.24 0.27 0.32 0.33 0.40 0.44 0.44 0.45 0.47 0.44 0.45 0.52 0.53 0.60 0.64 0.66 0.67 0.70 0.78 0.76 0.82 0.94 0.91 0.85 0.81 0.79 0.75 0.68 0.64 0.50 
0.19 0.21 0.22 0.24 0.26 0.28 0.36 0.42 0.42 0.45 0.45 0.43 0.46 0.55 0.60 0.61 0.64 0.59 0.51 0.56 0.58 0.51 0.62 0.74 0.74 0.67 0.74 0.79 0.80 0.68 0.66 0.72 
0.21 0.22 0.21 0.23 0.25 0.27 0.30 0.32 0.36 0.44 0.49 0.48 0.50 0.53 0.54 0.58 0.60 0.55 0.51 0.55 0.60 0.64 0.68 0.68 0.73 0.74 0.79 0.89 0.86 0.78 0.75 0.68 
0.17 0.20 0.22 0.23 0.25 0.27 0.29 0.31 0.33 0.35 0.39 0.42 0.45 0.50 0.52 0.54 0.57 0.66 0.69 0.73 0.72 0.73 0.75 0.73 0.72 0.78 0.76 0.71 0.66 0.64 0.59 0.51 
0.16 0.17 0.20 0.22 0.25 0.27 0.29 0.30 0.33 0.38 0.43 0.42 0.41 0.46 0.48 0.54 0.59 0.64 0.70 0.79 0.67 0.74 0.76 0.77 0.74 0.65 0.62 0.52 0.48 0.45 0.37 0.27 
0.13 0.17 0.18 0.19 0.21 0.25 0.30 0.31 0.31 0.28 0.35 0.48 0.47 0.43 0.44 0.47 0.53 0.61 0.58 0.58 0.54 0.64 0.71 0.66 0.57 0.39 0.35 0.37 0.41 0.26 0.09 0.20 
0.06 0.11 0.14 0.19 0.21 0.22 0.25 0.29 0.25 0.13 0.14 0.27 0.50 0.50 0.43 0.45 0.49 0.59 0.53 0.49 0.49 0.37 0.39 0.29 0.19 0.16 0.16 0.27 0.38 0.33 0.10 0.37 
0.15 0.15 0.12 0.13 0.21 0.23 0.23 0.25 0.22 0.11 0.06 0.10 0.30 0.54 0.45 0.42 0.46 0.50 0.58 0.75 0.81 0.56 0.62 0.56 0.22 0.12 0.16 0.24 0.25 0.28 0.14 0.47 
0.19 0.19 0.23 0.15 0.12 0.16 0.21 0.25 0.18 0.06 0.13 0.12 0.18 0.42 0.51 0.42 0.45 0.47 0.58 0.79 0.78 0.78 0.82 0.71 0.27 0.18 0.18 0.22 0.35 0.31 0.32 0.82 
0.21 0.20 0.23 0.20 0.17 0.13 0.12 0.18 0.18 0.14 0.32 0.30 0.15 0.29 0.50 0.43 0.44 0.45 0.50 0.82 0.73 0.49 0.63 0.62 0.69 0.78 0.58 0.31 0.38 0.30 0.26 0.49 
0.29 0.27 0.21 0.20 0.21 0.21 0.18 0.16 0.17 0.24 0.42 0.45 0.24 0.23 0.39 0.44 0.43 0.48 0.47 0.59 0.53 0.36 0.36 0.57 0.89 0.80 0.55 0.33 0.35 0.32 0.24 0.20 
0.26 0.23 0.20 0.22 0.23 0.25 0.26 0.23 0.15 0.31 0.58 0.51 0.36 0.19 0.29 0.42 0.42 0.47 0.46 0.53 0.58 0.51 0.45 0.45 0.42 0.42 0.44 0.42 0.43 0.38 0.25 0.13 
0.25 0.25 0.21 0.23 0.27 0.24 0.25 0.27 0.22 0.27 0.64 0.42 0.31 0.16 0.24 0.31 0.40 0.48 0.50 0.56 0.55 0.46 0.41 0.25 0.23 0.29 0.28 0.28 0.23 0.19 0.15 0.13 
0.38 0.37 0.33 0.27 0.24 0.21 0.27 0.32 0.28 0.20 0.47 0.44 0.20 0.13 0.25 0.21 0.22 0.39 0.44 0.29 0.27 0.24 0.17 0.15 0.22 0.23 0.21 0.15 0.13 0.12 0.15 0.22 
0.36 0.33 0.37 0.35 0.30 0.26 0.25 0.27 0.35 0.33 0.23 0.42 0.16 0.11 0.24 0.19 0.11 0.17 0.17 0.12 0.12 0.10 0.09 0.15 0.24 0.20 0.18 0.22 0.20 0.16 0.15 0.20 
0.29 0.26 0.25 0.29 0.37 0.32 0.31 0.33 0.31 0.29 0.18 0.10 0.04 0.13 0.22 0.21 0.23 0.22 0.23 0.29 0.24 0.17 0.20 0.18 0.18 0.16 0.16 0.21 0.19 0.21 0.24 0.29 
0.42 0.41 0.32 0.27 0.29 0.34 0.38 0.36 0.29 0.28 0.25 0.15 0.07 0.20 0.20 0.19 0.21 0.23 0.29 0.26 0.25 0.24 0.25 0.23 0.20 0.21 0.23 0.30 0.33 0.36 0.36 0.37 
0.52 0.51 0.45 0.40 0.45 0.46 0.38 0.31 0.33 0.31 0.30 0.34 0.30 0.31 0.32 0.33 0.34 0.35 0.30 0.26 0.26 0.26 0.25 0.27 0.24 0.24 0.25 0.38 0.47 0.47 0.49 0.52 
0.44 0.50 0.51 0.47 0.47 0.45 0.37 0.36 0.41 0.38 0.33 0.32 0.29 0.33 0.45 0.53 0.48 0.43 0.33 0.28 0.31 0.38 0.38 0.36 0.33 0.38 0.42 0.44 0.47 0.51 0.49 0.43 
Files already downloaded and verified
Files already downloaded and verified
1
0.51 0.51 0.52 0.49 0.51 0.50 0.55 0.59 0.62 0.48 0.39 0.55 0.62 0.53 0.49 0.45 0.57 0.58 0.56 0.57 0.56 0.60 0.76 0.69 0.53 0.55 0.54 0.57 0.58 0.57 0.56 0.55 
0.45 0.42 0.43 0.44 0.45 0.48 0.52 0.52 0.55 0.46 0.38 0.59 0.69 0.55 0.52 0.45 0.53 0.55 0.52 0.51 0.53 0.55 0.77 0.69 0.49 0.50 0.49 0.52 0.49 0.50 0.49 0.55 
0.44 0.27 0.26 0.51 0.62 0.55 0.57 0.35 0.22 0.42 0.45 0.58 0.67 0.48 0.25 0.26 0.53 0.66 0.66 0.65 0.62 0.58 0.74 0.69 0.58 0.62 0.58 0.60 0.54 0.45 0.49 0.67 
0.61 0.44 0.46 0.42 0.78 0.41 0.50 0.43 0.18 0.11 0.26 0.44 0.42 0.16 0.06 0.09 0.27 0.47 0.59 0.56 0.56 0.58 0.75 0.67 0.66 0.60 0.48 0.44 0.47 0.49 0.60 0.60 
0.59 0.53 0.50 0.41 0.53 0.44 0.46 0.49 0.45 0.40 0.45 0.55 0.48 0.46 0.48 0.46 0.46 0.46 0.53 0.63 0.55 0.58 0.42 0.40 0.49 0.24 0.20 0.31 0.67 0.55 0.35 0.43 
0.27 0.27 0.29 0.27 0.29 0.40 0.47 0.45 0.43 0.41 0.42 0.40 0.35 0.37 0.44 0.70 0.57 0.55 0.64 0.61 0.42 0.58 0.45 0.49 0.56 0.43 0.44 0.43 0.40 0.35 0.23 0.31 
0.20 0.23 0.30 0.24 0.35 0.45 0.43 0.40 0.29 0.18 0.34 0.34 0.27 0.22 0.25 0.56 0.72 0.73 0.82 0.66 0.29 0.59 0.70 0.65 0.61 0.60 0.58 0.56 0.55 0.51 0.29 0.37 
0.29 0.29 0.44 0.33 0.40 0.43 0.29 0.33 0.31 0.13 0.16 0.29 0.31 0.55 0.56 0.66 0.78 0.77 0.89 0.77 0.34 0.31 0.59 0.62 0.57 0.53 0.52 0.51 0.50 0.46 0.41 0.43 
0.35 0.38 0.43 0.30 0.34 0.38 0.24 0.24 0.42 0.23 0.14 0.22 0.31 0.60 0.93 1.00 0.78 0.48 0.64 0.83 0.61 0.24 0.34 0.40 0.41 0.43 0.49 0.54 0.52 0.48 0.45 0.43 
0.44 0.63 0.39 0.36 0.43 0.43 0.25 0.24 0.45 0.44 0.24 0.37 0.38 0.35 0.75 0.98 0.88 0.42 0.30 0.56 0.75 0.52 0.33 0.35 0.36 0.38 0.42 0.43 0.41 0.40 0.38 0.36 
0.44 0.54 0.43 0.44 0.48 0.44 0.31 0.34 0.43 0.50 0.31 0.22 0.26 0.33 0.51 0.80 0.75 0.56 0.37 0.45 0.58 0.59 0.50 0.42 0.36 0.35 0.33 0.33 0.36 0.37 0.37 0.38 
0.35 0.33 0.34 0.31 0.39 0.34 0.34 0.47 0.44 0.43 0.38 0.25 0.30 0.38 0.45 0.56 0.56 0.55 0.52 0.58 0.61 0.49 0.48 0.66 0.52 0.41 0.38 0.33 0.32 0.31 0.31 0.31 
0.27 0.30 0.32 0.35 0.45 0.41 0.35 0.40 0.45 0.53 0.56 0.48 0.47 0.46 0.44 0.45 0.49 0.50 0.55 0.60 0.64 0.74 0.78 0.76 0.69 0.65 0.64 0.60 0.52 0.44 0.29 0.22 
0.20 0.23 0.24 0.27 0.32 0.33 0.40 0.44 0.44 0.45 0.47 0.44 0.45 0.52 0.53 0.60 0.64 0.66 0.67 0.70 0.78 0.76 0.82 0.94 0.91 0.85 0.81 0.79 0.75 0.68 0.64 0.50 
0.19 0.21 0.22 0.24 0.26 0.28 0.36 0.42 0.42 0.45 0.45 0.43 0.46 0.55 0.60 0.61 0.64 0.59 0.51 0.56 0.58 0.51 0.62 0.74 0.74 0.67 0.74 0.79 0.80 0.68 0.66 0.72 
0.21 0.22 0.21 0.23 0.25 0.27 0.30 0.32 0.36 0.44 0.49 0.48 0.50 0.53 0.54 0.58 0.60 0.55 0.51 0.55 0.60 0.64 0.68 0.68 0.73 0.74 0.79 0.89 0.86 0.78 0.75 0.68 
0.17 0.20 0.22 0.23 0.25 0.27 0.29 0.31 0.33 0.35 0.39 0.42 0.45 0.50 0.52 0.54 0.57 0.66 0.69 0.73 0.72 0.73 0.75 0.73 0.72 0.78 0.76 0.71 0.66 0.64 0.59 0.51 
0.16 0.17 0.20 0.22 0.25 0.27 0.29 0.30 0.33 0.38 0.43 0.42 0.41 0.46 0.48 0.54 0.59 0.64 0.70 0.79 0.67 0.74 0.76 0.77 0.74 0.65 0.62 0.52 0.48 0.45 0.37 0.27 
0.13 0.17 0.18 0.19 0.21 0.25 0.30 0.31 0.31 0.28 0.35 0.48 0.47 0.43 0.44 0.47 0.53 0.61 0.58 0.58 0.54 0.64 0.71 0.66 0.57 0.39 0.35 0.37 0.41 0.26 0.09 0.20 
0.06 0.11 0.14 0.19 0.21 0.22 0.25 0.29 0.25 0.13 0.14 0.27 0.50 0.50 0.43 0.45 0.49 0.59 0.53 0.49 0.49 0.37 0.39 0.29 0.19 0.16 0.16 0.27 0.38 0.33 0.10 0.37 
0.15 0.15 0.12 0.13 0.21 0.23 0.23 0.25 0.22 0.11 0.06 0.10 0.30 0.54 0.45 0.42 0.46 0.50 0.58 0.75 0.81 0.56 0.62 0.56 0.22 0.12 0.16 0.24 0.25 0.28 0.14 0.47 
0.19 0.19 0.23 0.15 0.12 0.16 0.21 0.25 0.18 0.06 0.13 0.12 0.18 0.42 0.51 0.42 0.45 0.47 0.58 0.79 0.78 0.78 0.82 0.71 0.27 0.18 0.18 0.22 0.35 0.31 0.32 0.82 
0.21 0.20 0.23 0.20 0.17 0.13 0.12 0.18 0.18 0.14 0.32 0.30 0.15 0.29 0.50 0.43 0.44 0.45 0.50 0.82 0.73 0.49 0.63 0.62 0.69 0.78 0.58 0.31 0.38 0.30 0.26 0.49 
0.29 0.27 0.21 0.20 0.21 0.21 0.18 0.16 0.17 0.24 0.42 0.45 0.24 0.23 0.39 0.44 0.43 0.48 0.47 0.59 0.53 0.36 0.36 0.57 0.89 0.80 0.55 0.33 0.35 0.32 0.24 0.20 
0.26 0.23 0.20 0.22 0.23 0.25 0.26 0.23 0.15 0.31 0.58 0.51 0.36 0.19 0.29 0.42 0.42 0.47 0.46 0.53 0.58 0.51 0.45 0.45 0.42 0.42 0.44 0.42 0.43 0.38 0.25 0.13 
0.25 0.25 0.21 0.23 0.27 0.24 0.25 0.27 0.22 0.27 0.64 0.42 0.31 0.16 0.24 0.31 0.40 0.48 0.50 0.56 0.55 0.46 0.41 0.25 0.23 0.29 0.28 0.28 0.23 0.19 0.15 0.13 
0.38 0.37 0.33 0.27 0.24 0.21 0.27 0.32 0.28 0.20 0.47 0.44 0.20 0.13 0.25 0.21 0.22 0.39 0.44 0.29 0.27 0.24 0.17 0.15 0.22 0.23 0.21 0.15 0.13 0.12 0.15 0.22 
0.36 0.33 0.37 0.35 0.30 0.26 0.25 0.27 0.35 0.33 0.23 0.42 0.16 0.11 0.24 0.19 0.11 0.17 0.17 0.12 0.12 0.10 0.09 0.15 0.24 0.20 0.18 0.22 0.20 0.16 0.15 0.20 
0.29 0.26 0.25 0.29 0.37 0.32 0.31 0.33 0.31 0.29 0.18 0.10 0.04 0.13 0.22 0.21 0.23 0.22 0.23 0.29 0.24 0.17 0.20 0.18 0.18 0.16 0.16 0.21 0.19 0.21 0.24 0.29 
0.42 0.41 0.32 0.27 0.29 0.34 0.38 0.36 0.29 0.28 0.25 0.15 0.07 0.20 0.20 0.19 0.21 0.23 0.29 0.26 0.25 0.24 0.25 0.23 0.20 0.21 0.23 0.30 0.33 0.36 0.36 0.37 
0.52 0.51 0.45 0.40 0.45 0.46 0.38 0.31 0.33 0.31 0.30 0.34 0.30 0.31 0.32 0.33 0.34 0.35 0.30 0.26 0.26 0.26 0.25 0.27 0.24 0.24 0.25 0.38 0.47 0.47 0.49 0.52 
0.44 0.50 0.51 0.47 0.47 0.45 0.37 0.36 0.41 0.38 0.33 0.32 0.29 0.33 0.45 0.53 0.48 0.43 0.33 0.28 0.31 0.38 0.38 0.36 0.33 0.38 0.42 0.44 0.47 0.51 0.49 0.43 
0
0.18 0.18 0.18 0.18 0.18 0.18 0.18 0.18 0.18 0.18 0.18 0.19 0.19 0.19 0.19 0.18 0.19 0.19 0.19 0.19 0.19 0.19 0.19 0.19 0.19 0.19 0.19 0.19 0.20 0.19 0.19 0.20 
0.20 0.20 0.19 0.19 0.19 0.19 0.19 0.19 0.19 0.19 0.19 0.20 0.20 0.20 0.20 0.20 0.20 0.20 0.20 0.20 0.20 0.20 0.20 0.20 0.21 0.20 0.20 0.20 0.20 0.20 0.20 0.20 
0.20 0.20 0.20 0.20 0.20 0.20 0.20 0.21 0.20 0.20 0.20 0.20 0.20 0.21 0.21 0.20 0.21 0.21 0.22 0.22 0.22 0.21 0.21 0.22 0.24 0.24 0.23 0.23 0.24 0.23 0.22 0.22 
0.22 0.22 0.22 0.22 0.22 0.22 0.23 0.24 0.24 0.22 0.22 0.22 0.22 0.22 0.22 0.22 0.22 0.22 0.23 0.23 0.23 0.23 0.24 0.25 0.30 0.32 0.27 0.28 0.32 0.29 0.24 0.23 
0.23 0.23 0.23 0.23 0.23 0.24 0.26 0.27 0.26 0.24 0.23 0.23 0.23 0.24 0.24 0.24 0.24 0.24 0.24 0.24 0.24 0.25 0.27 0.30 0.33 0.32 0.29 0.28 0.30 0.27 0.24 0.24 
0.24 0.24 0.24 0.24 0.25 0.27 0.29 0.29 0.27 0.25 0.25 0.25 0.25 0.25 0.25 0.25 0.26 0.26 0.26 0.26 0.26 0.27 0.28 0.30 0.30 0.29 0.27 0.26 0.25 0.25 0.25 0.25 
0.26 0.26 0.26 0.27 0.27 0.28 0.28 0.28 0.27 0.27 0.28 0.35 0.42 0.40 0.32 0.27 0.27 0.27 0.27 0.27 0.27 0.27 0.27 0.27 0.27 0.27 0.27 0.26 0.26 0.26 0.26 0.26 
0.30 0.30 0.29 0.29 0.28 0.28 0.28 0.28 0.29 0.31 0.36 0.45 0.47 0.45 0.38 0.32 0.29 0.28 0.27 0.27 0.27 0.27 0.27 0.27 0.27 0.27 0.27 0.28 0.28 0.28 0.28 0.27 
0.32 0.32 0.31 0.29 0.29 0.29 0.28 0.29 0.31 0.34 0.38 0.39 0.37 0.38 0.37 0.35 0.31 0.28 0.27 0.27 0.27 0.27 0.28 0.29 0.29 0.29 0.28 0.28 0.28 0.28 0.28 0.28 
0.33 0.32 0.31 0.29 0.28 0.28 0.29 0.31 0.34 0.36 0.36 0.33 0.33 0.35 0.35 0.33 0.30 0.29 0.29 0.29 0.29 0.28 0.29 0.30 0.30 0.29 0.28 0.28 0.28 0.28 0.28 0.28 
0.31 0.30 0.29 0.29 0.29 0.29 0.31 0.33 0.36 0.35 0.33 0.31 0.31 0.32 0.32 0.31 0.30 0.30 0.30 0.29 0.29 0.28 0.28 0.29 0.29 0.29 0.28 0.28 0.29 0.29 0.29 0.29 
0.31 0.31 0.29 0.29 0.29 0.31 0.31 0.32 0.32 0.30 0.30 0.29 0.32 0.35 0.33 0.30 0.31 0.31 0.30 0.29 0.29 0.28 0.28 0.28 0.28 0.29 0.29 0.29 0.29 0.29 0.29 0.30 
0.32 0.31 0.31 0.31 0.30 0.30 0.31 0.30 0.30 0.31 0.31 0.31 0.35 0.37 0.33 0.31 0.31 0.31 0.29 0.29 0.29 0.29 0.29 0.29 0.29 0.30 0.30 0.31 0.31 0.30 0.30 0.31 
0.33 0.32 0.31 0.30 0.31 0.31 0.31 0.30 0.29 0.30 0.31 0.33 0.33 0.32 0.31 0.31 0.31 0.30 0.30 0.30 0.30 0.29 0.29 0.29 0.29 0.30 0.29 0.30 0.30 0.30 0.29 0.29 
0.52 0.54 0.51 0.44 0.40 0.38 0.36 0.38 0.38 0.37 0.37 0.37 0.36 0.35 0.34 0.34 0.33 0.32 0.32 0.31 0.30 0.30 0.29 0.29 0.29 0.29 0.29 0.29 0.29 0.29 0.29 0.29 
0.45 0.51 0.57 0.56 0.57 0.53 0.51 0.61 0.62 0.61 0.61 0.60 0.62 0.59 0.55 0.53 0.52 0.49 0.46 0.43 0.40 0.36 0.31 0.28 0.27 0.28 0.28 0.28 0.29 0.28 0.28 0.28 
0.30 0.30 0.32 0.36 0.40 0.40 0.41 0.47 0.50 0.48 0.52 0.57 0.61 0.58 0.53 0.53 0.56 0.62 0.62 0.60 0.56 0.51 0.43 0.36 0.25 0.24 0.24 0.25 0.26 0.27 0.26 0.25 
0.29 0.29 0.29 0.29 0.29 0.29 0.30 0.29 0.27 0.25 0.27 0.30 0.32 0.26 0.24 0.28 0.29 0.32 0.36 0.37 0.38 0.35 0.30 0.25 0.16 0.17 0.14 0.16 0.20 0.34 0.31 0.20 
0.24 0.23 0.24 0.24 0.25 0.25 0.26 0.22 0.20 0.35 0.29 0.21 0.22 0.14 0.17 0.21 0.20 0.16 0.18 0.18 0.19 0.18 0.13 0.11 0.12 0.14 0.10 0.10 0.27 0.54 0.48 0.27 
0.13 0.13 0.13 0.14 0.16 0.18 0.22 0.20 0.21 0.32 0.26 0.21 0.28 0.26 0.22 0.40 0.27 0.14 0.20 0.24 0.20 0.18 0.12 0.11 0.12 0.13 0.11 0.17 0.49 0.68 0.62 0.45 
0.07 0.09 0.11 0.11 0.14 0.18 0.22 0.26 0.23 0.25 0.25 0.26 0.34 0.56 0.64 0.76 0.53 0.31 0.51 0.59 0.47 0.39 0.25 0.17 0.11 0.09 0.13 0.37 0.66 0.70 0.67 0.60 
0.10 0.11 0.12 0.11 0.15 0.20 0.20 0.24 0.18 0.22 0.26 0.27 0.35 0.64 0.81 0.84 0.75 0.64 0.73 0.77 0.73 0.69 0.55 0.41 0.27 0.20 0.27 0.57 0.71 0.70 0.70 0.67 
0.11 0.14 0.22 0.24 0.25 0.29 0.24 0.30 0.23 0.22 0.27 0.28 0.35 0.57 0.71 0.75 0.76 0.74 0.67 0.76 0.81 0.82 0.78 0.71 0.62 0.55 0.59 0.72 0.72 0.71 0.71 0.70 
0.16 0.24 0.44 0.57 0.62 0.63 0.59 0.59 0.55 0.54 0.55 0.54 0.54 0.55 0.53 0.57 0.64 0.62 0.55 0.71 0.76 0.75 0.72 0.73 0.76 0.82 0.86 0.87 0.78 0.71 0.71 0.70 
0.33 0.36 0.44 0.54 0.65 0.76 0.83 0.85 0.87 0.86 0.85 0.84 0.82 0.73 0.55 0.43 0.47 0.45 0.42 0.55 0.60 0.59 0.56 0.56 0.57 0.69 0.82 0.84 0.77 0.69 0.68 0.68 
0.40 0.39 0.38 0.38 0.40 0.45 0.54 0.62 0.65 0.60 0.61 0.65 0.61 0.53 0.48 0.38 0.37 0.34 0.33 0.35 0.38 0.39 0.38 0.37 0.32 0.35 0.44 0.46 0.51 0.64 0.64 0.60 
0.36 0.37 0.36 0.36 0.35 0.34 0.34 0.33 0.20 0.15 0.32 0.39 0.28 0.13 0.27 0.36 0.35 0.33 0.31 0.29 0.29 0.29 0.30 0.30 0.28 0.26 0.26 0.26 0.31 0.44 0.48 0.43 
0.35 0.34 0.34 0.33 0.34 0.33 0.33 0.28 0.13 0.08 0.26 0.32 0.18 0.01 0.17 0.28 0.25 0.24 0.22 0.22 0.22 0.24 0.27 0.30 0.32 0.33 0.32 0.30 0.27 0.27 0.30 0.33 
0.35 0.34 0.31 0.28 0.26 0.23 0.20 0.17 0.12 0.12 0.23 0.24 0.18 0.13 0.20 0.25 0.24 0.22 0.21 0.21 0.22 0.24 0.27 0.29 0.29 0.31 0.31 0.31 0.31 0.31 0.32 0.34 
0.33 0.31 0.27 0.24 0.23 0.22 0.20 0.22 0.23 0.28 0.46 0.34 0.29 0.29 0.30 0.31 0.31 0.31 0.31 0.32 0.32 0.33 0.33 0.31 0.31 0.31 0.31 0.31 0.31 0.32 0.32 0.33 
0.32 0.32 0.31 0.31 0.32 0.33 0.33 0.34 0.33 0.36 0.52 0.38 0.31 0.32 0.31 0.32 0.31 0.31 0.32 0.32 0.32 0.32 0.32 0.31 0.31 0.31 0.31 0.31 0.29 0.28 0.28 0.28 
0.31 0.33 0.33 0.32 0.32 0.31 0.31 0.31 0.31 0.31 0.36 0.32 0.30 0.30 0.29 0.29 0.29 0.31 0.32 0.33 0.32 0.33 0.34 0.34 0.34 0.34 0.34 0.33 0.32 0.30 0.29 0.29 
This machine has 1 cuda devices, and use 1 of them to train.
Total train samples: 50000
Total test samples: 10000
Batch size: 128
iteration every epoch: 390
Initial learning rate: 0.1

[2022-11-30_14:32:58] Epoch:1/60, iteration:100/390, lr: 0.1, loss: 2.2780730724334717, time: 5.383132457733154

[2022-11-30_14:33:00] Epoch:1/60, iteration:200/390, lr: 0.1, loss: 2.283655881881714, time: 1.1570837497711182

[2022-11-30_14:33:01] Epoch:1/60, iteration:300/390, lr: 0.1, loss: 2.265775442123413, time: 0.9593150615692139

[2022-11-30_14:33:02] Epoch:2/60, iteration:9/390, lr: 0.1, loss: 2.274653911590576, time: 1.3257811069488525

[2022-11-30_14:33:03] Epoch:2/60, iteration:109/390, lr: 0.1, loss: 2.286619186401367, time: 0.9992692470550537

[2022-11-30_14:33:04] Epoch:2/60, iteration:209/390, lr: 0.1, loss: 2.209873676300049, time: 1.024151086807251

[2022-11-30_14:33:05] Epoch:2/60, iteration:309/390, lr: 0.1, loss: 2.2459237575531006, time: 0.9951958656311035

[2022-11-30_14:33:07] Epoch:3/60, iteration:18/390, lr: 0.1, loss: 2.272840738296509, time: 1.6757309436798096

[2022-11-30_14:33:08] Epoch:3/60, iteration:118/390, lr: 0.1, loss: 2.282545328140259, time: 1.100391149520874

[2022-11-30_14:33:09] Epoch:3/60, iteration:218/390, lr: 0.1, loss: 2.297755479812622, time: 1.1997435092926025

[2022-11-30_14:33:10] Epoch:3/60, iteration:318/390, lr: 0.1, loss: 2.288749933242798, time: 1.0564517974853516

[2022-11-30_14:33:11] Epoch:4/60, iteration:27/390, lr: 0.1, loss: 2.3114161491394043, time: 1.449054479598999

[2022-11-30_14:33:12] Epoch:4/60, iteration:127/390, lr: 0.1, loss: 2.25107479095459, time: 0.9375355243682861

[2022-11-30_14:33:13] Epoch:4/60, iteration:227/390, lr: 0.1, loss: 2.3155879974365234, time: 0.9104440212249756

[2022-11-30_14:33:14] Epoch:4/60, iteration:327/390, lr: 0.1, loss: 2.289632797241211, time: 0.957007884979248

[2022-11-30_14:33:16] Epoch:5/60, iteration:36/390, lr: 0.1, loss: 2.2264699935913086, time: 1.499236822128296

[2022-11-30_14:33:17] Epoch:5/60, iteration:136/390, lr: 0.1, loss: 2.2497265338897705, time: 1.0965971946716309

[2022-11-30_14:33:18] Epoch:5/60, iteration:236/390, lr: 0.1, loss: 2.215993642807007, time: 1.2822465896606445

[2022-11-30_14:33:19] Epoch:5/60, iteration:336/390, lr: 0.1, loss: 2.2535815238952637, time: 1.4009463787078857

[2022-11-30_14:33:21] Epoch:6/60, iteration:45/390, lr: 0.1, loss: 2.2509119510650635, time: 1.4801385402679443

[2022-11-30_14:33:22] Epoch:6/60, iteration:145/390, lr: 0.1, loss: 2.269697904586792, time: 0.9336085319519043

[2022-11-30_14:33:23] Epoch:6/60, iteration:245/390, lr: 0.1, loss: 2.260350465774536, time: 1.019773006439209

[2022-11-30_14:33:24] Epoch:6/60, iteration:345/390, lr: 0.1, loss: 2.244114637374878, time: 0.9529643058776855

[2022-11-30_14:33:25] Epoch:7/60, iteration:54/390, lr: 0.1, loss: 2.249438762664795, time: 1.403287649154663

[2022-11-30_14:33:26] Epoch:7/60, iteration:154/390, lr: 0.1, loss: 2.276216745376587, time: 1.0840842723846436

[2022-11-30_14:33:27] Epoch:7/60, iteration:254/390, lr: 0.1, loss: 2.296091318130493, time: 1.1723742485046387

[2022-11-30_14:33:29] Epoch:7/60, iteration:354/390, lr: 0.1, loss: 2.3297243118286133, time: 1.0939252376556396

[2022-11-30_14:33:30] Epoch:8/60, iteration:63/390, lr: 0.1, loss: 2.282843589782715, time: 1.5118827819824219

[2022-11-30_14:33:31] Epoch:8/60, iteration:163/390, lr: 0.1, loss: 2.242187261581421, time: 0.9961769580841064

[2022-11-30_14:33:32] Epoch:8/60, iteration:263/390, lr: 0.1, loss: 2.2556068897247314, time: 0.9558413028717041

[2022-11-30_14:33:33] Epoch:8/60, iteration:363/390, lr: 0.1, loss: 2.281705856323242, time: 0.9710922241210938

[2022-11-30_14:33:34] Epoch:9/60, iteration:72/390, lr: 0.1, loss: 2.225029706954956, time: 1.3417761325836182

[2022-11-30_14:33:35] Epoch:9/60, iteration:172/390, lr: 0.1, loss: 2.2610888481140137, time: 1.0013282299041748

[2022-11-30_14:33:36] Epoch:9/60, iteration:272/390, lr: 0.1, loss: 2.283027410507202, time: 1.095996618270874

[2022-11-30_14:33:37] Epoch:9/60, iteration:372/390, lr: 0.1, loss: 2.2885143756866455, time: 1.0494911670684814

[2022-11-30_14:33:39] Epoch:10/60, iteration:81/390, lr: 0.1, loss: 2.271014451980591, time: 1.5572302341461182

[2022-11-30_14:33:40] Epoch:10/60, iteration:181/390, lr: 0.1, loss: 2.2524189949035645, time: 1.0001649856567383

[2022-11-30_14:33:41] Epoch:10/60, iteration:281/390, lr: 0.1, loss: 2.3289504051208496, time: 0.9587712287902832

[2022-11-30_14:33:42] Epoch:10/60, iteration:381/390, lr: 0.1, loss: 2.2374539375305176, time: 0.9559974670410156

==========Test result on benign test dataset==========
[2022-11-30_14:33:43] Top-1 correct / Total: 1000/10000, Top-1 accuracy: 0.1, Top-5 correct / Total: 5000/10000, Top-5 accuracy: 0.5, time: 0.9592697620391846

==========Test result on poisoned test dataset==========
[2022-11-30_14:33:45] Top-1 correct / Total: 10000/10000, Top-1 accuracy: 1.0, Top-5 correct / Total: 10000/10000, Top-5 accuracy: 1.0, time: 2.7956390380859375

[2022-11-30_14:33:46] Epoch:11/60, iteration:90/390, lr: 0.1, loss: 2.277141571044922, time: 3.9443769454956055

[2022-11-30_14:33:47] Epoch:11/60, iteration:190/390, lr: 0.1, loss: 2.2902653217315674, time: 0.9133768081665039

[2022-11-30_14:33:48] Epoch:11/60, iteration:290/390, lr: 0.1, loss: 2.2597830295562744, time: 0.9595386981964111

[2022-11-30_14:33:49] Epoch:11/60, iteration:390/390, lr: 0.1, loss: 2.261702060699463, time: 0.9420783519744873

[2022-11-30_14:33:50] Epoch:12/60, iteration:99/390, lr: 0.1, loss: 2.261913299560547, time: 1.2672405242919922

[2022-11-30_14:33:51] Epoch:12/60, iteration:199/390, lr: 0.1, loss: 2.3038086891174316, time: 0.9176669120788574

[2022-11-30_14:33:52] Epoch:12/60, iteration:299/390, lr: 0.1, loss: 2.281978130340576, time: 0.9321913719177246

[2022-11-30_14:33:53] Epoch:13/60, iteration:8/390, lr: 0.1, loss: 2.2880871295928955, time: 1.2484652996063232

[2022-11-30_14:33:54] Epoch:13/60, iteration:108/390, lr: 0.1, loss: 2.257101058959961, time: 0.930804967880249

[2022-11-30_14:33:55] Epoch:13/60, iteration:208/390, lr: 0.1, loss: 2.256254196166992, time: 0.9258449077606201

[2022-11-30_14:33:56] Epoch:13/60, iteration:308/390, lr: 0.1, loss: 2.242596387863159, time: 0.9072649478912354

[2022-11-30_14:33:57] Epoch:14/60, iteration:17/390, lr: 0.1, loss: 2.211027145385742, time: 1.2836072444915771

[2022-11-30_14:33:58] Epoch:14/60, iteration:117/390, lr: 0.1, loss: 2.2913320064544678, time: 0.9203221797943115

[2022-11-30_14:33:59] Epoch:14/60, iteration:217/390, lr: 0.1, loss: 2.2697668075561523, time: 0.8915963172912598

[2022-11-30_14:34:00] Epoch:14/60, iteration:317/390, lr: 0.1, loss: 2.2978878021240234, time: 0.9432189464569092

[2022-11-30_14:34:01] Epoch:15/60, iteration:26/390, lr: 0.1, loss: 2.249112606048584, time: 1.2313647270202637

[2022-11-30_14:34:02] Epoch:15/60, iteration:126/390, lr: 0.1, loss: 2.2580714225769043, time: 0.9109628200531006

[2022-11-30_14:34:03] Epoch:15/60, iteration:226/390, lr: 0.1, loss: 2.3076744079589844, time: 0.9563736915588379

[2022-11-30_14:34:04] Epoch:15/60, iteration:326/390, lr: 0.1, loss: 2.232146978378296, time: 0.9576900005340576

[2022-11-30_14:34:05] Epoch:16/60, iteration:35/390, lr: 0.1, loss: 2.303877592086792, time: 1.3615927696228027

[2022-11-30_14:34:06] Epoch:16/60, iteration:135/390, lr: 0.1, loss: 2.2522077560424805, time: 0.9247901439666748

[2022-11-30_14:34:07] Epoch:16/60, iteration:235/390, lr: 0.1, loss: 2.2628836631774902, time: 0.9245824813842773

[2022-11-30_14:34:08] Epoch:16/60, iteration:335/390, lr: 0.1, loss: 2.2385811805725098, time: 0.9530143737792969

[2022-11-30_14:34:09] Epoch:17/60, iteration:44/390, lr: 0.1, loss: 2.2810535430908203, time: 1.3341002464294434

[2022-11-30_14:34:10] Epoch:17/60, iteration:144/390, lr: 0.1, loss: 2.3427209854125977, time: 1.0388715267181396

[2022-11-30_14:34:11] Epoch:17/60, iteration:244/390, lr: 0.1, loss: 2.2651195526123047, time: 0.9102222919464111

[2022-11-30_14:34:12] Epoch:17/60, iteration:344/390, lr: 0.1, loss: 2.1948776245117188, time: 0.8902928829193115

[2022-11-30_14:34:14] Epoch:18/60, iteration:53/390, lr: 0.1, loss: 2.2909510135650635, time: 1.2622334957122803

[2022-11-30_14:34:14] Epoch:18/60, iteration:153/390, lr: 0.1, loss: 2.2734122276306152, time: 0.9467804431915283

[2022-11-30_14:34:15] Epoch:18/60, iteration:253/390, lr: 0.1, loss: 2.279451608657837, time: 0.9422292709350586

[2022-11-30_14:34:16] Epoch:18/60, iteration:353/390, lr: 0.1, loss: 2.216081142425537, time: 0.9128806591033936

[2022-11-30_14:34:18] Epoch:19/60, iteration:62/390, lr: 0.1, loss: 2.2751615047454834, time: 1.296696662902832

[2022-11-30_14:34:19] Epoch:19/60, iteration:162/390, lr: 0.1, loss: 2.2614998817443848, time: 0.9247479438781738

[2022-11-30_14:34:20] Epoch:19/60, iteration:262/390, lr: 0.1, loss: 2.261931896209717, time: 0.956310510635376

[2022-11-30_14:34:20] Epoch:19/60, iteration:362/390, lr: 0.1, loss: 2.242856979370117, time: 0.9276542663574219

[2022-11-30_14:34:22] Epoch:20/60, iteration:71/390, lr: 0.1, loss: 2.2525057792663574, time: 1.3245115280151367

[2022-11-30_14:34:23] Epoch:20/60, iteration:171/390, lr: 0.1, loss: 2.2612626552581787, time: 0.9064428806304932

[2022-11-30_14:34:24] Epoch:20/60, iteration:271/390, lr: 0.1, loss: 2.303431272506714, time: 1.0826318264007568

[2022-11-30_14:34:25] Epoch:20/60, iteration:371/390, lr: 0.1, loss: 2.2598516941070557, time: 1.1439263820648193

==========Test result on benign test dataset==========
[2022-11-30_14:34:26] Top-1 correct / Total: 1000/10000, Top-1 accuracy: 0.1, Top-5 correct / Total: 5000/10000, Top-5 accuracy: 0.5, time: 1.132605791091919

==========Test result on poisoned test dataset==========
[2022-11-30_14:34:28] Top-1 correct / Total: 10000/10000, Top-1 accuracy: 1.0, Top-5 correct / Total: 10000/10000, Top-5 accuracy: 1.0, time: 3.2119181156158447

[2022-11-30_14:34:29] Epoch:21/60, iteration:80/390, lr: 0.1, loss: 2.317324161529541, time: 4.277259826660156

[2022-11-30_14:34:30] Epoch:21/60, iteration:180/390, lr: 0.1, loss: 2.2727277278900146, time: 0.9426188468933105

[2022-11-30_14:34:31] Epoch:21/60, iteration:280/390, lr: 0.1, loss: 2.2399890422821045, time: 0.9561293125152588

[2022-11-30_14:34:32] Epoch:21/60, iteration:380/390, lr: 0.1, loss: 2.2744150161743164, time: 1.0298206806182861

[2022-11-30_14:34:33] Epoch:22/60, iteration:89/390, lr: 0.1, loss: 2.2608513832092285, time: 1.3804903030395508

[2022-11-30_14:34:35] Epoch:22/60, iteration:189/390, lr: 0.1, loss: 2.294759750366211, time: 1.0214109420776367

[2022-11-30_14:34:36] Epoch:22/60, iteration:289/390, lr: 0.1, loss: 2.2455146312713623, time: 1.1169242858886719

[2022-11-30_14:34:37] Epoch:22/60, iteration:389/390, lr: 0.1, loss: 2.239605188369751, time: 1.168421745300293

[2022-11-30_14:34:38] Epoch:23/60, iteration:98/390, lr: 0.1, loss: 2.215379476547241, time: 1.5434038639068604

[2022-11-30_14:34:39] Epoch:23/60, iteration:198/390, lr: 0.1, loss: 2.2314200401306152, time: 0.9628961086273193

[2022-11-30_14:34:40] Epoch:23/60, iteration:298/390, lr: 0.1, loss: 2.298799514770508, time: 0.9846010208129883

[2022-11-30_14:34:42] Epoch:24/60, iteration:7/390, lr: 0.1, loss: 2.281453847885132, time: 1.310901403427124

[2022-11-30_14:34:43] Epoch:24/60, iteration:107/390, lr: 0.1, loss: 2.2486355304718018, time: 0.9885172843933105

[2022-11-30_14:34:44] Epoch:24/60, iteration:207/390, lr: 0.1, loss: 2.253776788711548, time: 1.01527738571167

[2022-11-30_14:34:45] Epoch:24/60, iteration:307/390, lr: 0.1, loss: 2.2589993476867676, time: 1.4396512508392334

[2022-11-30_14:34:47] Epoch:25/60, iteration:16/390, lr: 0.1, loss: 2.2622182369232178, time: 1.7859549522399902

[2022-11-30_14:34:48] Epoch:25/60, iteration:116/390, lr: 0.1, loss: 2.2575910091400146, time: 1.1627023220062256

[2022-11-30_14:34:49] Epoch:25/60, iteration:216/390, lr: 0.1, loss: 2.2641236782073975, time: 1.0060062408447266

[2022-11-30_14:34:50] Epoch:25/60, iteration:316/390, lr: 0.1, loss: 2.2786710262298584, time: 0.9854898452758789

[2022-11-30_14:34:51] Epoch:26/60, iteration:25/390, lr: 0.1, loss: 2.2232329845428467, time: 1.4636645317077637

[2022-11-30_14:34:52] Epoch:26/60, iteration:125/390, lr: 0.1, loss: 2.303586006164551, time: 0.934175968170166

[2022-11-30_14:34:53] Epoch:26/60, iteration:225/390, lr: 0.1, loss: 2.24065899848938, time: 0.9631955623626709

[2022-11-30_14:34:54] Epoch:26/60, iteration:325/390, lr: 0.1, loss: 2.2977261543273926, time: 1.054487705230713

[2022-11-30_14:34:56] Epoch:27/60, iteration:34/390, lr: 0.1, loss: 2.287647247314453, time: 1.7440707683563232

[2022-11-30_14:34:58] Epoch:27/60, iteration:134/390, lr: 0.1, loss: 2.2977685928344727, time: 1.387026071548462

[2022-11-30_14:34:59] Epoch:27/60, iteration:234/390, lr: 0.1, loss: 2.268083095550537, time: 1.1652193069458008

[2022-11-30_14:35:00] Epoch:27/60, iteration:334/390, lr: 0.1, loss: 2.2594656944274902, time: 1.0269088745117188

[2022-11-30_14:35:01] Epoch:28/60, iteration:43/390, lr: 0.1, loss: 2.2665529251098633, time: 1.4284155368804932

[2022-11-30_14:35:02] Epoch:28/60, iteration:143/390, lr: 0.1, loss: 2.227583169937134, time: 0.9666452407836914

[2022-11-30_14:35:03] Epoch:28/60, iteration:243/390, lr: 0.1, loss: 2.244952917098999, time: 0.9751255512237549

[2022-11-30_14:35:04] Epoch:28/60, iteration:343/390, lr: 0.1, loss: 2.246798276901245, time: 1.005976915359497

[2022-11-30_14:35:06] Epoch:29/60, iteration:52/390, lr: 0.1, loss: 2.2288620471954346, time: 1.6256921291351318

[2022-11-30_14:35:07] Epoch:29/60, iteration:152/390, lr: 0.1, loss: 2.2580103874206543, time: 1.0665104389190674

[2022-11-30_14:35:08] Epoch:29/60, iteration:252/390, lr: 0.1, loss: 2.266829490661621, time: 1.0832297801971436

[2022-11-30_14:35:09] Epoch:29/60, iteration:352/390, lr: 0.1, loss: 2.281348466873169, time: 1.0752980709075928

[2022-11-30_14:35:10] Epoch:30/60, iteration:61/390, lr: 0.1, loss: 2.251319169998169, time: 1.408358097076416

[2022-11-30_14:35:11] Epoch:30/60, iteration:161/390, lr: 0.1, loss: 2.2594823837280273, time: 0.9130690097808838

[2022-11-30_14:35:12] Epoch:30/60, iteration:261/390, lr: 0.1, loss: 2.244502067565918, time: 0.9390871524810791

[2022-11-30_14:35:13] Epoch:30/60, iteration:361/390, lr: 0.1, loss: 2.272646427154541, time: 1.0120205879211426

==========Test result on benign test dataset==========
[2022-11-30_14:35:14] Top-1 correct / Total: 1000/10000, Top-1 accuracy: 0.1, Top-5 correct / Total: 5000/10000, Top-5 accuracy: 0.5, time: 1.2757954597473145

==========Test result on poisoned test dataset==========
[2022-11-30_14:35:17] Top-1 correct / Total: 10000/10000, Top-1 accuracy: 1.0, Top-5 correct / Total: 10000/10000, Top-5 accuracy: 1.0, time: 3.739553689956665

[2022-11-30_14:35:18] Epoch:31/60, iteration:70/390, lr: 0.1, loss: 2.275972604751587, time: 4.986109495162964

[2022-11-30_14:35:19] Epoch:31/60, iteration:170/390, lr: 0.1, loss: 2.22445011138916, time: 1.191882848739624

[2022-11-30_14:35:20] Epoch:31/60, iteration:270/390, lr: 0.1, loss: 2.2958877086639404, time: 1.0009934902191162

[2022-11-30_14:35:21] Epoch:31/60, iteration:370/390, lr: 0.1, loss: 2.2724215984344482, time: 1.0096056461334229

[2022-11-30_14:35:23] Epoch:32/60, iteration:79/390, lr: 0.1, loss: 2.2858078479766846, time: 1.394932508468628

[2022-11-30_14:35:24] Epoch:32/60, iteration:179/390, lr: 0.1, loss: 2.261645793914795, time: 0.9720606803894043

[2022-11-30_14:35:25] Epoch:32/60, iteration:279/390, lr: 0.1, loss: 2.273124933242798, time: 1.1712281703948975

[2022-11-30_14:35:26] Epoch:32/60, iteration:379/390, lr: 0.1, loss: 2.2588295936584473, time: 1.1920044422149658

[2022-11-30_14:35:28] Epoch:33/60, iteration:88/390, lr: 0.1, loss: 2.272221326828003, time: 1.7580599784851074

[2022-11-30_14:35:29] Epoch:33/60, iteration:188/390, lr: 0.1, loss: 2.302403688430786, time: 1.1704938411712646

[2022-11-30_14:35:30] Epoch:33/60, iteration:288/390, lr: 0.1, loss: 2.256498336791992, time: 0.9614996910095215

[2022-11-30_14:35:31] Epoch:33/60, iteration:388/390, lr: 0.1, loss: 2.2488319873809814, time: 0.9936490058898926

[2022-11-30_14:35:32] Epoch:34/60, iteration:97/390, lr: 0.1, loss: 2.308457374572754, time: 1.4479925632476807

[2022-11-30_14:35:33] Epoch:34/60, iteration:197/390, lr: 0.1, loss: 2.248288869857788, time: 1.0201704502105713

[2022-11-30_14:35:35] Epoch:34/60, iteration:297/390, lr: 0.1, loss: 2.324251651763916, time: 1.0498127937316895

[2022-11-30_14:35:36] Epoch:35/60, iteration:6/390, lr: 0.1, loss: 2.2637057304382324, time: 1.734327793121338

[2022-11-30_14:35:37] Epoch:35/60, iteration:106/390, lr: 0.1, loss: 2.233609199523926, time: 1.0979323387145996

[2022-11-30_14:35:39] Epoch:35/60, iteration:206/390, lr: 0.1, loss: 2.2591724395751953, time: 1.2421762943267822

[2022-11-30_14:35:40] Epoch:35/60, iteration:306/390, lr: 0.1, loss: 2.2245404720306396, time: 1.0614335536956787

[2022-11-30_14:35:41] Epoch:36/60, iteration:15/390, lr: 0.1, loss: 2.261444330215454, time: 1.4204232692718506

[2022-11-30_14:35:42] Epoch:36/60, iteration:115/390, lr: 0.1, loss: 2.3077638149261475, time: 0.9364051818847656

[2022-11-30_14:35:43] Epoch:36/60, iteration:215/390, lr: 0.1, loss: 2.268467664718628, time: 0.9860553741455078

[2022-11-30_14:35:44] Epoch:36/60, iteration:315/390, lr: 0.1, loss: 2.239342212677002, time: 0.9905843734741211

[2022-11-30_14:35:46] Epoch:37/60, iteration:24/390, lr: 0.1, loss: 2.257192850112915, time: 1.6574664115905762

[2022-11-30_14:35:47] Epoch:37/60, iteration:124/390, lr: 0.1, loss: 2.2579360008239746, time: 1.2084763050079346

[2022-11-30_14:35:48] Epoch:37/60, iteration:224/390, lr: 0.1, loss: 2.267786741256714, time: 1.1148762702941895

[2022-11-30_14:35:49] Epoch:37/60, iteration:324/390, lr: 0.1, loss: 2.281175374984741, time: 1.0814769268035889

[2022-11-30_14:35:50] Epoch:38/60, iteration:33/390, lr: 0.1, loss: 2.24630069732666, time: 1.3978683948516846

[2022-11-30_14:35:52] Epoch:38/60, iteration:133/390, lr: 0.1, loss: 2.2574329376220703, time: 1.0396864414215088

[2022-11-30_14:35:52] Epoch:38/60, iteration:233/390, lr: 0.1, loss: 2.241300344467163, time: 0.9718761444091797

[2022-11-30_14:35:53] Epoch:38/60, iteration:333/390, lr: 0.1, loss: 2.3151607513427734, time: 0.995297908782959

[2022-11-30_14:35:55] Epoch:39/60, iteration:42/390, lr: 0.1, loss: 2.2514262199401855, time: 1.6081483364105225

[2022-11-30_14:35:56] Epoch:39/60, iteration:142/390, lr: 0.1, loss: 2.2729530334472656, time: 1.2880439758300781

[2022-11-30_14:35:57] Epoch:39/60, iteration:242/390, lr: 0.1, loss: 2.331123113632202, time: 1.1101679801940918

[2022-11-30_14:35:59] Epoch:39/60, iteration:342/390, lr: 0.1, loss: 2.2193334102630615, time: 1.0923631191253662

[2022-11-30_14:36:00] Epoch:40/60, iteration:51/390, lr: 0.1, loss: 2.282146453857422, time: 1.3868505954742432

[2022-11-30_14:36:01] Epoch:40/60, iteration:151/390, lr: 0.1, loss: 2.2687008380889893, time: 0.9256546497344971

[2022-11-30_14:36:02] Epoch:40/60, iteration:251/390, lr: 0.1, loss: 2.295881986618042, time: 1.4387924671173096

[2022-11-30_14:36:04] Epoch:40/60, iteration:351/390, lr: 0.1, loss: 2.2666220664978027, time: 1.7219934463500977

==========Test result on benign test dataset==========
[2022-11-30_14:36:06] Top-1 correct / Total: 1000/10000, Top-1 accuracy: 0.1, Top-5 correct / Total: 5000/10000, Top-5 accuracy: 0.5, time: 1.7309165000915527

==========Test result on poisoned test dataset==========
[2022-11-30_14:36:08] Top-1 correct / Total: 10000/10000, Top-1 accuracy: 1.0, Top-5 correct / Total: 10000/10000, Top-5 accuracy: 1.0, time: 3.984593152999878

[2022-11-30_14:36:09] Epoch:41/60, iteration:60/390, lr: 0.1, loss: 2.2801132202148438, time: 5.267036437988281

[2022-11-30_14:36:11] Epoch:41/60, iteration:160/390, lr: 0.1, loss: 2.2783684730529785, time: 1.5536534786224365

[2022-11-30_14:36:12] Epoch:41/60, iteration:260/390, lr: 0.1, loss: 2.2608160972595215, time: 1.4027385711669922

[2022-11-30_14:36:14] Epoch:41/60, iteration:360/390, lr: 0.1, loss: 2.2440991401672363, time: 1.3570466041564941

[2022-11-30_14:36:15] Epoch:42/60, iteration:69/390, lr: 0.1, loss: 2.2676570415496826, time: 1.5952143669128418

[2022-11-30_14:36:16] Epoch:42/60, iteration:169/390, lr: 0.1, loss: 2.2689688205718994, time: 1.0956411361694336

[2022-11-30_14:36:18] Epoch:42/60, iteration:269/390, lr: 0.1, loss: 2.277090549468994, time: 1.2297885417938232

[2022-11-30_14:36:19] Epoch:42/60, iteration:369/390, lr: 0.1, loss: 2.2359418869018555, time: 1.1250033378601074

[2022-11-30_14:36:20] Epoch:43/60, iteration:78/390, lr: 0.1, loss: 2.309086561203003, time: 1.3462433815002441

[2022-11-30_14:36:21] Epoch:43/60, iteration:178/390, lr: 0.1, loss: 2.235825300216675, time: 0.9707431793212891

[2022-11-30_14:36:22] Epoch:43/60, iteration:278/390, lr: 0.1, loss: 2.254485845565796, time: 0.9781296253204346

[2022-11-30_14:36:23] Epoch:43/60, iteration:378/390, lr: 0.1, loss: 2.269195795059204, time: 1.1270744800567627

[2022-11-30_14:36:25] Epoch:44/60, iteration:87/390, lr: 0.1, loss: 2.261525869369507, time: 1.6373555660247803

[2022-11-30_14:36:26] Epoch:44/60, iteration:187/390, lr: 0.1, loss: 2.273832082748413, time: 1.1323866844177246

[2022-11-30_14:36:27] Epoch:44/60, iteration:287/390, lr: 0.1, loss: 2.288907527923584, time: 1.1629717350006104

[2022-11-30_14:36:28] Epoch:44/60, iteration:387/390, lr: 0.1, loss: 2.280172348022461, time: 1.053145170211792

[2022-11-30_14:36:29] Epoch:45/60, iteration:96/390, lr: 0.1, loss: 2.303727626800537, time: 1.3653194904327393

[2022-11-30_14:36:30] Epoch:45/60, iteration:196/390, lr: 0.1, loss: 2.3239972591400146, time: 0.9792726039886475

[2022-11-30_14:36:31] Epoch:45/60, iteration:296/390, lr: 0.1, loss: 2.2691867351531982, time: 0.9711506366729736

[2022-11-30_14:36:33] Epoch:46/60, iteration:5/390, lr: 0.1, loss: 2.3109354972839355, time: 1.4139437675476074

[2022-11-30_14:36:34] Epoch:46/60, iteration:105/390, lr: 0.1, loss: 2.2571663856506348, time: 1.1246578693389893

[2022-11-30_14:36:35] Epoch:46/60, iteration:205/390, lr: 0.1, loss: 2.2761876583099365, time: 1.4126665592193604

[2022-11-30_14:36:37] Epoch:46/60, iteration:305/390, lr: 0.1, loss: 2.2725753784179688, time: 1.1627020835876465

[2022-11-30_14:36:38] Epoch:47/60, iteration:14/390, lr: 0.1, loss: 2.2834746837615967, time: 1.540316104888916

[2022-11-30_14:36:39] Epoch:47/60, iteration:114/390, lr: 0.1, loss: 2.287877321243286, time: 1.025151252746582

[2022-11-30_14:36:40] Epoch:47/60, iteration:214/390, lr: 0.1, loss: 2.280921220779419, time: 0.9967546463012695

[2022-11-30_14:36:41] Epoch:47/60, iteration:314/390, lr: 0.1, loss: 2.2484946250915527, time: 0.9675331115722656

[2022-11-30_14:36:42] Epoch:48/60, iteration:23/390, lr: 0.1, loss: 2.27890682220459, time: 1.338925838470459

[2022-11-30_14:36:43] Epoch:48/60, iteration:123/390, lr: 0.1, loss: 2.2515459060668945, time: 1.1084492206573486

[2022-11-30_14:36:45] Epoch:48/60, iteration:223/390, lr: 0.1, loss: 2.250931739807129, time: 1.0984654426574707

[2022-11-30_14:36:46] Epoch:48/60, iteration:323/390, lr: 0.1, loss: 2.2468180656433105, time: 1.1728265285491943

[2022-11-30_14:36:48] Epoch:49/60, iteration:32/390, lr: 0.1, loss: 2.2527859210968018, time: 1.8805601596832275

[2022-11-30_14:36:49] Epoch:49/60, iteration:132/390, lr: 0.1, loss: 2.2485556602478027, time: 1.6576898097991943

[2022-11-30_14:36:51] Epoch:49/60, iteration:232/390, lr: 0.1, loss: 2.2991464138031006, time: 1.6521131992340088

[2022-11-30_14:36:52] Epoch:49/60, iteration:332/390, lr: 0.1, loss: 2.2179555892944336, time: 1.5511205196380615

[2022-11-30_14:36:55] Epoch:50/60, iteration:41/390, lr: 0.1, loss: 2.2812769412994385, time: 2.057321071624756

[2022-11-30_14:36:56] Epoch:50/60, iteration:141/390, lr: 0.1, loss: 2.259516477584839, time: 1.4145557880401611

[2022-11-30_14:36:57] Epoch:50/60, iteration:241/390, lr: 0.1, loss: 2.2601287364959717, time: 1.2800207138061523

[2022-11-30_14:36:58] Epoch:50/60, iteration:341/390, lr: 0.1, loss: 2.2661330699920654, time: 1.021369218826294

==========Test result on benign test dataset==========
[2022-11-30_14:37:00] Top-1 correct / Total: 1000/10000, Top-1 accuracy: 0.1, Top-5 correct / Total: 5000/10000, Top-5 accuracy: 0.5, time: 1.3311738967895508

==========Test result on poisoned test dataset==========
[2022-11-30_14:37:01] Top-1 correct / Total: 10000/10000, Top-1 accuracy: 1.0, Top-5 correct / Total: 10000/10000, Top-5 accuracy: 1.0, time: 3.2065093517303467

[2022-11-30_14:37:02] Epoch:51/60, iteration:50/390, lr: 0.1, loss: 2.288472890853882, time: 4.027563810348511

[2022-11-30_14:37:03] Epoch:51/60, iteration:150/390, lr: 0.1, loss: 2.276627779006958, time: 1.1889238357543945

[2022-11-30_14:37:05] Epoch:51/60, iteration:250/390, lr: 0.1, loss: 2.2256529331207275, time: 1.4573240280151367

[2022-11-30_14:37:07] Epoch:51/60, iteration:350/390, lr: 0.1, loss: 2.2487080097198486, time: 1.7266886234283447

[2022-11-30_14:37:09] Epoch:52/60, iteration:59/390, lr: 0.1, loss: 2.2411444187164307, time: 2.0893149375915527

[2022-11-30_14:37:10] Epoch:52/60, iteration:159/390, lr: 0.1, loss: 2.262883186340332, time: 1.361783504486084

[2022-11-30_14:37:12] Epoch:52/60, iteration:259/390, lr: 0.1, loss: 2.1984915733337402, time: 1.5188419818878174

[2022-11-30_14:37:13] Epoch:52/60, iteration:359/390, lr: 0.1, loss: 2.2437148094177246, time: 1.584667682647705

[2022-11-30_14:37:15] Epoch:53/60, iteration:68/390, lr: 0.1, loss: 2.2790894508361816, time: 1.9983582496643066

[2022-11-30_14:37:17] Epoch:53/60, iteration:168/390, lr: 0.1, loss: 2.243804454803467, time: 1.309654951095581

[2022-11-30_14:37:18] Epoch:53/60, iteration:268/390, lr: 0.1, loss: 2.240828037261963, time: 1.0321271419525146

[2022-11-30_14:37:19] Epoch:53/60, iteration:368/390, lr: 0.1, loss: 2.2669129371643066, time: 0.9976773262023926

[2022-11-30_14:37:20] Epoch:54/60, iteration:77/390, lr: 0.1, loss: 2.2820000648498535, time: 1.4158706665039062

[2022-11-30_14:37:21] Epoch:54/60, iteration:177/390, lr: 0.1, loss: 2.197625160217285, time: 0.9203197956085205

[2022-11-30_14:37:22] Epoch:54/60, iteration:277/390, lr: 0.1, loss: 2.310915470123291, time: 1.1127374172210693

[2022-11-30_14:37:23] Epoch:54/60, iteration:377/390, lr: 0.1, loss: 2.306406259536743, time: 1.2032454013824463

[2022-11-30_14:37:26] Epoch:55/60, iteration:86/390, lr: 0.1, loss: 2.2691757678985596, time: 2.320204496383667

[2022-11-30_14:37:27] Epoch:55/60, iteration:186/390, lr: 0.1, loss: 2.245828151702881, time: 1.578040599822998

[2022-11-30_14:37:29] Epoch:55/60, iteration:286/390, lr: 0.1, loss: 2.3014657497406006, time: 1.578449010848999

[2022-11-30_14:37:30] Epoch:55/60, iteration:386/390, lr: 0.1, loss: 2.2767980098724365, time: 1.4593167304992676

[2022-11-30_14:37:32] Epoch:56/60, iteration:95/390, lr: 0.1, loss: 2.2097079753875732, time: 1.8365349769592285

[2022-11-30_14:37:33] Epoch:56/60, iteration:195/390, lr: 0.1, loss: 2.266604423522949, time: 1.0673902034759521

[2022-11-30_14:37:34] Epoch:56/60, iteration:295/390, lr: 0.1, loss: 2.2758986949920654, time: 1.0810909271240234

[2022-11-30_14:37:36] Epoch:57/60, iteration:4/390, lr: 0.1, loss: 2.2616164684295654, time: 1.5339405536651611

[2022-11-30_14:37:37] Epoch:57/60, iteration:104/390, lr: 0.1, loss: 2.2430052757263184, time: 1.5312786102294922

[2022-11-30_14:37:39] Epoch:57/60, iteration:204/390, lr: 0.1, loss: 2.263451099395752, time: 1.6596260070800781

[2022-11-30_14:37:41] Epoch:57/60, iteration:304/390, lr: 0.1, loss: 2.3005645275115967, time: 1.6553411483764648

[2022-11-30_14:37:43] Epoch:58/60, iteration:13/390, lr: 0.1, loss: 2.298093557357788, time: 2.0704903602600098

[2022-11-30_14:37:44] Epoch:58/60, iteration:113/390, lr: 0.1, loss: 2.2398831844329834, time: 1.4823808670043945

[2022-11-30_14:37:45] Epoch:58/60, iteration:213/390, lr: 0.1, loss: 2.2230477333068848, time: 1.1530916690826416

[2022-11-30_14:37:46] Epoch:58/60, iteration:313/390, lr: 0.1, loss: 2.247939348220825, time: 0.9611146450042725

[2022-11-30_14:37:48] Epoch:59/60, iteration:22/390, lr: 0.1, loss: 2.3039140701293945, time: 1.6891934871673584

[2022-11-30_14:37:49] Epoch:59/60, iteration:122/390, lr: 0.1, loss: 2.2656664848327637, time: 1.6277413368225098

[2022-11-30_14:37:51] Epoch:59/60, iteration:222/390, lr: 0.1, loss: 2.334101438522339, time: 1.6071240901947021

[2022-11-30_14:37:53] Epoch:59/60, iteration:322/390, lr: 0.1, loss: 2.2555553913116455, time: 1.4927971363067627

[2022-11-30_14:37:54] Epoch:60/60, iteration:31/390, lr: 0.1, loss: 2.2003984451293945, time: 1.8421094417572021

[2022-11-30_14:37:55] Epoch:60/60, iteration:131/390, lr: 0.1, loss: 2.279088258743286, time: 0.9623799324035645

[2022-11-30_14:37:56] Epoch:60/60, iteration:231/390, lr: 0.1, loss: 2.284471035003662, time: 0.9131546020507812

[2022-11-30_14:37:58] Epoch:60/60, iteration:331/390, lr: 0.1, loss: 2.308396577835083, time: 1.3737683296203613

==========Test result on benign test dataset==========
[2022-11-30_14:38:00] Top-1 correct / Total: 1000/10000, Top-1 accuracy: 0.1, Top-5 correct / Total: 5000/10000, Top-5 accuracy: 0.5, time: 1.9627838134765625

==========Test result on poisoned test dataset==========
[2022-11-30_14:38:02] Top-1 correct / Total: 10000/10000, Top-1 accuracy: 1.0, Top-5 correct / Total: 10000/10000, Top-5 accuracy: 1.0, time: 4.2147908210754395

